Time	BM	ACT	GLC	ACoA	AKG	cAMP	FBP	G6P	GLX	ICT	MAL	OAA	PEP	PG3	PYR	AceA	AceB	AceK	Acoa2act	Acs	Akg2mal	CAMPdegr	Cya	Emp	Eno	Fdp	GltA	Icd	Icd_P	Mdh	Me	PckA	Pdh	PfkA	Ppc	PpsA	PykF	Cra	CraFBP	Crp	CrpcAMP	IclR	PdhR	PdhRPYR	EIIA	EIIA_P	EIICB
0	0.03	0	4.8	0.351972	0.191191	0.202804	6.57504	1.90814	5.71E-09	0.00140812	3.27878	0.0505354	0.210456	5.72098	0.863278	0.00472323	0.00141697	0.000141697	0.001	0.00109622	0.00102685	0.001	0.001	0.0115156	0.0115528	0.000157492	0.00102961	0.00429079	0.000220477	0.00345727	0.000999714	0.00229089	0.0046474	0.000143816	0.000999714	0.000987493	0.00597717	0.000299098	0.0069909	0.00594327	0.00134673	0.00729	0.00116381	0.00612619	0.0964771	0.00352292	0.003
795	0.0346143	0.00170639	4.79028	0.390341	0.197245	0.202769	6.57402	1.90802	5.47E-09	0.00143244	3.33531	0.0495095	0.210438	5.72009	0.862903	0.00472335	0.001417	0.0001417	0.001	0.00109619	0.00102684	0.001	0.001	0.0115156	0.0115528	0.000157496	0.0010296	0.00429059	0.000220744	0.00345723	0.00099973	0.00229096	0.00464736	0.000143815	0.00099968	0.000987523	0.00597716	0.000299187	0.00699081	0.00594346	0.00134654	0.00729	0.00116424	0.00612576	0.0964777	0.0035223	0.003
1590	0.0399384	0.00360399	4.77907	0.399938	0.198633	0.202767	6.57383	1.908	5.41E-09	0.00143795	3.34832	0.049282	0.210435	5.71993	0.862835	0.00472351	0.00141705	0.000141705	0.001	0.00109616	0.00102683	0.001	0.001	0.0115156	0.0115528	0.000157502	0.00102959	0.00429064	0.000220793	0.00345719	0.000999783	0.00229106	0.00464731	0.000143814	0.000999655	0.000987567	0.00597714	0.000299204	0.0069908	0.00594348	0.00134652	0.00729	0.00116432	0.00612568	0.0964777	0.00352226	0.003
2385	0.0460815	0.00576528	4.76613	0.404353	0.199253	0.202766	6.57376	1.90799	5.38E-09	0.00144039	3.35411	0.0491799	0.210435	5.71986	0.862817	0.00472367	0.0014171	0.00014171	0.001	0.00109613	0.00102682	0.001	0.001	0.0115156	0.0115528	0.000157507	0.00102958	0.00429072	0.000220808	0.00345716	0.000999842	0.00229115	0.00464726	0.000143813	0.000999635	0.000987609	0.00597712	0.000299211	0.00699079	0.00594348	0.00134652	0.00729	0.00116434	0.00612566	0.0964777	0.00352225	0.003
3180	0.0531695	0.0082423	4.75121	0.406885	0.199603	0.202766	6.57372	1.90799	5.37E-09	0.00144175	3.35737	0.0491219	0.210434	5.71983	0.862814	0.00472382	0.00141715	0.000141715	0.001	0.00109611	0.00102682	0.001	0.001	0.0115156	0.0115528	0.000157512	0.00102957	0.0042908	0.000220813	0.00345712	0.000999898	0.00229124	0.00464721	0.000143812	0.000999618	0.000987647	0.0059771	0.000299214	0.00699079	0.00594348	0.00134652	0.00729	0.00116434	0.00612566	0.0964777	0.00352225	0.003
3975	0.0613478	0.0110886	4.73399	0.408516	0.199827	0.202766	6.57369	1.908	5.36E-09	0.00144262	3.35945	0.0490848	0.210434	5.71981	0.862816	0.00472394	0.00141718	0.000141718	0.001	0.00109609	0.00102681	0.001	0.001	0.0115156	0.0115529	0.000157516	0.00102956	0.00429087	0.000220814	0.0034571	0.00099995	0.00229131	0.00464717	0.000143811	0.000999604	0.000987681	0.00597708	0.000299216	0.00699078	0.00594348	0.00134652	0.00729	0.00116434	0.00612566	0.0964777	0.00352225	0.003
4770	0.070784	0.0143637	4.71411	0.409647	0.199981	0.202766	6.57368	1.908	5.35E-09	0.00144321	3.36087	0.0490591	0.210434	5.71979	0.86282	0.00472405	0.00141721	0.000141722	0.001	0.00109607	0.00102681	0.001	0.001	0.0115156	0.0115529	0.00015752	0.00102955	0.00429094	0.000220814	0.00345707	0.000999997	0.00229138	0.00464714	0.000143811	0.000999592	0.000987711	0.00597707	0.000299217	0.00699078	0.00594348	0.00134652	0.00729	0.00116433	0.00612567	0.0964777	0.00352226	0.003
5565	0.0816717	0.0181351	4.69119	0.410471	0.200093	0.202767	6.57367	1.908	5.35E-09	0.00144364	3.3619	0.0490404	0.210434	5.71979	0.862823	0.00472414	0.00141724	0.000141724	0.001	0.00109606	0.0010268	0.001	0.001	0.0115156	0.0115529	0.000157524	0.00102954	0.00429099	0.000220813	0.00345706	0.00100004	0.00229143	0.00464711	0.00014381	0.000999582	0.000987736	0.00597706	0.000299218	0.00699078	0.00594348	0.00134652	0.00729	0.00116433	0.00612567	0.0964777	0.00352226	0.003
6360	0.0942341	0.0224803	4.66473	0.411093	0.200177	0.202767	6.57367	1.90801	5.34E-09	0.00144396	3.36267	0.0490263	0.210435	5.71978	0.862825	0.00472422	0.00141727	0.000141727	0.001	0.00109605	0.0010268	0.001	0.001	0.0115156	0.0115529	0.000157526	0.00102954	0.00429104	0.000220813	0.00345704	0.00100008	0.00229148	0.00464709	0.000143809	0.000999573	0.000987758	0.00597705	0.000299218	0.00699078	0.00594347	0.00134653	0.00729	0.00116433	0.00612567	0.0964777	0.00352227	0.003
7155	0.108729	0.0274882	4.63421	0.411574	0.200242	0.202768	6.57367	1.90801	5.34E-09	0.00144421	3.36327	0.0490154	0.210435	5.71978	0.862826	0.00472429	0.00141729	0.000141729	0.001	0.00109604	0.0010268	0.001	0.001	0.0115156	0.0115529	0.000157529	0.00102954	0.00429108	0.000220814	0.00345703	0.00100011	0.00229152	0.00464707	0.000143809	0.000999566	0.000987776	0.00597704	0.000299218	0.00699078	0.00594347	0.00134653	0.00729	0.00116433	0.00612567	0.0964777	0.00352228	0.003
7950	0.125453	0.0332614	4.59899	0.411955	0.200293	0.202768	6.57367	1.90801	5.34E-09	0.0014444	3.36374	0.0490068	0.210435	5.71978	0.862826	0.00472434	0.0014173	0.00014173	0.001	0.00109603	0.0010268	0.001	0.001	0.0115156	0.0115529	0.000157531	0.00102953	0.00429112	0.000220816	0.00345702	0.00100014	0.00229156	0.00464706	0.000143808	0.00099956	0.000987792	0.00597703	0.000299218	0.00699078	0.00594347	0.00134653	0.00729	0.00116433	0.00612567	0.0964777	0.00352229	0.003
8745	0.14475	0.0399179	4.55836	0.412261	0.200334	0.202769	6.57367	1.90801	5.34E-09	0.00144456	3.36411	0.0489999	0.210435	5.71978	0.862824	0.00472439	0.00141732	0.000141732	0.001	0.00109603	0.0010268	0.001	0.001	0.0115156	0.0115529	0.000157533	0.00102953	0.00429114	0.000220819	0.00345702	0.00100017	0.00229159	0.00464705	0.000143808	0.000999554	0.000987806	0.00597702	0.000299218	0.00699078	0.00594346	0.00134654	0.00729	0.00116433	0.00612567	0.0964777	0.0035223	0.003
9540	0.167014	0.0475939	4.51147	0.412511	0.200368	0.20277	6.57367	1.90801	5.34E-09	0.00144469	3.36442	0.0489943	0.210435	5.71978	0.862821	0.00472443	0.00141733	0.000141733	0.001	0.00109602	0.0010268	0.001	0.001	0.0115156	0.0115529	0.000157534	0.00102953	0.00429116	0.000220823	0.00345701	0.00100019	0.00229161	0.00464703	0.000143808	0.000999549	0.000987817	0.00597702	0.000299218	0.00699078	0.00594346	0.00134654	0.00729	0.00116433	0.00612567	0.0964777	0.00352232	0.003
10335	0.192703	0.0564464	4.45737	0.412716	0.200396	0.202771	6.57367	1.90802	5.33E-09	0.00144479	3.36467	0.0489897	0.210435	5.71978	0.862816	0.00472446	0.00141734	0.000141734	0.001	0.00109602	0.0010268	0.001	0.001	0.0115156	0.0115529	0.000157535	0.00102953	0.00429118	0.000220827	0.00345701	0.00100022	0.00229164	0.00464702	0.000143808	0.000999545	0.000987826	0.00597701	0.000299218	0.00699078	0.00594345	0.00134655	0.00729	0.00116434	0.00612566	0.0964777	0.00352234	0.003
11130	0.222344	0.0666567	4.39495	0.412887	0.200419	0.202772	6.57368	1.90802	5.33E-09	0.00144488	3.36488	0.048986	0.210435	5.71978	0.862809	0.00472449	0.00141735	0.000141735	0.001	0.00109602	0.0010268	0.001	0.001	0.0115156	0.0115529	0.000157536	0.00102953	0.00429119	0.000220833	0.00345701	0.00100024	0.00229165	0.00464701	0.000143807	0.000999541	0.000987834	0.00597701	0.000299218	0.00699078	0.00594345	0.00134655	0.00729	0.00116435	0.00612565	0.0964776	0.00352236	0.003
11925	0.256544	0.0784336	4.32293	0.41303	0.200439	0.202774	6.57368	1.90802	5.33E-09	0.00144496	3.36506	0.0489828	0.210435	5.71979	0.8628	0.00472452	0.00141736	0.000141736	0.001	0.00109603	0.0010268	0.001	0.001	0.0115156	0.0115529	0.000157537	0.00102953	0.0042912	0.000220841	0.00345702	0.00100025	0.00229167	0.004647	0.000143807	0.000999537	0.00098784	0.005977	0.000299217	0.00699078	0.00594344	0.00134656	0.00729	0.00116436	0.00612564	0.0964776	0.00352238	0.003
12720	0.296004	0.0920183	4.23983	0.41315	0.200456	0.202775	6.57369	1.90802	5.33E-09	0.00144503	3.36521	0.0489802	0.210435	5.71979	0.862788	0.00472454	0.00141736	0.000141736	0.001	0.00109603	0.0010268	0.001	0.001	0.0115156	0.0115529	0.000157538	0.00102953	0.0042912	0.00022085	0.00345702	0.00100027	0.00229168	0.00464699	0.000143807	0.000999533	0.000987845	0.005977	0.000299217	0.00699078	0.00594343	0.00134657	0.00729	0.00116437	0.00612563	0.0964776	0.00352241	0.003
13515	0.341533	0.107689	4.14396	0.413253	0.200471	0.202777	6.57369	1.90802	5.33E-09	0.00144509	3.36534	0.0489781	0.210435	5.7198	0.862774	0.00472456	0.00141737	0.000141737	0.001	0.00109604	0.0010268	0.001	0.001	0.0115156	0.0115529	0.000157538	0.00102954	0.0042912	0.000220862	0.00345703	0.00100029	0.00229169	0.00464698	0.000143807	0.000999529	0.000987849	0.005977	0.000299216	0.00699078	0.00594342	0.00134658	0.00729	0.00116439	0.00612561	0.0964775	0.00352244	0.003
14310	0.394066	0.125766	4.03333	0.413341	0.200484	0.202779	6.5737	1.90802	5.33E-09	0.00144514	3.36546	0.0489763	0.210435	5.7198	0.862756	0.00472458	0.00141737	0.000141737	0.001	0.00109604	0.0010268	0.001	0.001	0.0115156	0.0115529	0.000157539	0.00102954	0.00429119	0.000220875	0.00345704	0.00100031	0.00229169	0.00464696	0.000143807	0.000999525	0.000987852	0.00597699	0.000299215	0.00699078	0.00594341	0.00134659	0.00729	0.00116441	0.00612559	0.0964775	0.00352248	0.003
15105	0.454677	0.146619	3.90569	0.413416	0.200496	0.202782	6.57371	1.90802	5.33E-09	0.00144519	3.36556	0.0489749	0.210435	5.71981	0.862734	0.0047246	0.00141738	0.000141738	0.001	0.00109606	0.00102681	0.001	0.001	0.0115156	0.0115529	0.000157539	0.00102954	0.00429117	0.000220893	0.00345706	0.00100033	0.0022917	0.00464695	0.000143807	0.00099952	0.000987854	0.00597699	0.000299214	0.00699079	0.00594339	0.00134661	0.00729	0.00116443	0.00612557	0.0964775	0.00352253	0.003
15900	0.524611	0.170676	3.75841	0.413483	0.200507	0.202786	6.57373	1.90802	5.33E-09	0.00144524	3.36565	0.0489738	0.210435	5.71982	0.862706	0.00472461	0.00141738	0.000141738	0.001	0.00109607	0.00102681	0.001	0.001	0.0115156	0.0115529	0.000157539	0.00102955	0.00429115	0.000220914	0.00345707	0.00100035	0.0022917	0.00464693	0.000143806	0.000999515	0.000987855	0.00597699	0.000299213	0.00699079	0.00594337	0.00134663	0.00729	0.00116446	0.00612554	0.0964774	0.00352259	0.003
16695	0.6053	0.198429	3.58849	0.413541	0.200518	0.20279	6.57375	1.90802	5.33E-09	0.00144528	3.36574	0.0489729	0.210435	5.71983	0.86267	0.00472463	0.00141739	0.000141739	0.001	0.00109609	0.00102681	0.001	0.001	0.0115156	0.0115529	0.000157539	0.00102956	0.00429112	0.000220941	0.0034571	0.00100037	0.0022917	0.00464691	0.000143806	0.00099951	0.000987855	0.00597698	0.000299211	0.00699079	0.00594335	0.00134665	0.00729	0.0011645	0.0061255	0.0964773	0.00352267	0.003
17490	0.698399	0.230446	3.39242	0.413594	0.200528	0.202795	6.57377	1.90802	5.33E-09	0.00144533	3.36582	0.0489723	0.210435	5.71985	0.862624	0.00472464	0.00141739	0.000141739	0.001	0.00109611	0.00102682	0.001	0.001	0.0115156	0.0115529	0.000157539	0.00102957	0.00429109	0.000220976	0.00345713	0.00100039	0.0022917	0.00464688	0.000143806	0.000999503	0.000987854	0.00597698	0.000299209	0.00699079	0.00594332	0.00134668	0.00729	0.00116456	0.00612544	0.0964772	0.00352277	0.003
18285	0.805815	0.267382	3.1662	0.413642	0.200539	0.202803	6.5738	1.90802	5.33E-09	0.00144539	3.36591	0.0489721	0.210435	5.71987	0.862563	0.00472466	0.0014174	0.00014174	0.001	0.00109613	0.00102683	0.001	0.001	0.0115156	0.0115528	0.000157538	0.00102958	0.00429103	0.000221023	0.00345716	0.00100042	0.00229169	0.00464685	0.000143806	0.000999495	0.000987851	0.00597698	0.000299207	0.00699079	0.00594328	0.00134672	0.00729	0.00116462	0.00612538	0.0964771	0.00352289	0.003
19080	0.92975	0.309993	2.90519	0.41369	0.200552	0.202812	6.57384	1.90803	5.33E-09	0.00144545	3.36601	0.0489722	0.210435	5.71989	0.86248	0.00472468	0.0014174	0.00014174	0.001	0.00109617	0.00102684	0.001	0.001	0.0115156	0.0115528	0.000157538	0.00102959	0.00429096	0.000221086	0.00345721	0.00100046	0.00229168	0.0046468	0.000143806	0.000999485	0.000987847	0.00597697	0.000299203	0.0069908	0.00594323	0.00134677	0.00729	0.00116472	0.00612528	0.0964769	0.00352307	0.003
19875	1.07274	0.359148	2.60404	0.413739	0.200567	0.202826	6.57389	1.90803	5.33E-09	0.00144553	3.36612	0.0489728	0.210435	5.71993	0.862361	0.00472471	0.00141741	0.000141741	0.001	0.00109621	0.00102685	0.001	0.001	0.0115156	0.0115528	0.000157537	0.00102961	0.00429085	0.000221176	0.00345727	0.0010005	0.00229167	0.00464675	0.000143806	0.000999472	0.000987841	0.00597697	0.000299198	0.0069908	0.00594315	0.00134685	0.00729	0.00116485	0.00612515	0.0964767	0.00352331	0.003
20670	1.23772	0.415851	2.25657	0.413795	0.200588	0.202846	6.57398	1.90803	5.33E-09	0.00144563	3.36627	0.0489742	0.210434	5.71998	0.862182	0.00472474	0.00141742	0.000141742	0.001	0.00109628	0.00102687	0.001	0.001	0.0115156	0.0115528	0.000157536	0.00102964	0.00429069	0.000221313	0.00345735	0.00100056	0.00229165	0.00464667	0.000143806	0.000999455	0.000987832	0.00597696	0.000299191	0.00699081	0.00594305	0.00134695	0.00729	0.00116506	0.00612494	0.0964763	0.00352366	0.003
21465	1.42805	0.481256	1.85566	0.413869	0.200619	0.202879	6.57411	1.90803	5.33E-09	0.0014458	3.3665	0.0489772	0.210433	5.72006	0.861886	0.00472478	0.00141743	0.000141743	0.001	0.00109637	0.00102689	0.001	0.001	0.0115156	0.0115528	0.000157534	0.00102968	0.00429043	0.000221539	0.00345747	0.00100065	0.00229162	0.00464656	0.000143806	0.00099943	0.000987819	0.00597695	0.00029918	0.00699082	0.00594287	0.00134713	0.00729	0.00116539	0.00612461	0.0964757	0.00352424	0.003
22260	1.64763	0.556682	1.39311	0.41399	0.200674	0.20294	6.57435	1.90803	5.33E-09	0.00144608	3.36692	0.0489835	0.210432	5.72021	0.861318	0.00472485	0.00141746	0.000141746	0.001	0.00109651	0.00102693	0.001	0.001	0.0115156	0.0115527	0.000157531	0.00102974	0.00428994	0.000221974	0.00345766	0.00100078	0.00229157	0.00464638	0.000143806	0.000999392	0.000987798	0.00597693	0.000299159	0.00699084	0.00594254	0.00134746	0.00729	0.00116604	0.00612396	0.0964747	0.00352532	0.003
23055	1.90091	0.643623	0.859433	0.414278	0.200808	0.203093	6.57493	1.90803	5.33E-09	0.00144677	3.36798	0.0490016	0.210427	5.72055	0.859858	0.00472499	0.0014175	0.00014175	0.001	0.00109676	0.001027	0.001	0.001	0.0115156	0.0115526	0.000157526	0.00102985	0.0042887	0.0002231	0.00345801	0.00100101	0.00229148	0.00464604	0.000143805	0.000999321	0.000987759	0.0059769	0.000299108	0.00699089	0.00594171	0.00134829	0.00729	0.0011677	0.0061223	0.096472	0.00352802	0.003
23850	2.19284	0.743556	0.243743	0.416228	0.20168	0.204101	6.57852	1.908	5.33E-09	0.00145111	3.37514	0.0491347	0.210393	5.72248	0.849925	0.00472545	0.00141764	0.000141764	0.001	0.00109754	0.00102722	0.001	0.001	0.0115155	0.0115523	0.00015751	0.00103018	0.00428052	0.000230972	0.00345905	0.00100171	0.00229123	0.00464499	0.000143804	0.000999112	0.000987645	0.0059768	0.000298795	0.0069912	0.00593626	0.00135374	0.00729	0.00117914	0.00611086	0.0964541	0.00354586	0.003
24645	2.37318	0.7528	-5.51E-67	0.857805	0.131261	3.84111	0.0342372	0.00354093	25.7925	0.204158	3.12467	0.0100169	0.0371455	0.114329	0.00635081	0.00896217	0.00268865	0.000268865	0.001	0.00146065	0.00107392	0.001	0.001	0.0114377	0.0113298	0.000172331	0.00112985	0.000368296	0.00436806	0.00375758	0.00110481	0.00298922	0.00451254	0.000141499	0.000968114	0.00149006	0.00578061	0.00728538	4.62E-06	0.00137762	0.00591238	0.00729	0.00701822	0.000271775	0.0063887	0.0936113	0.003
25440	2.48107	0.688912	3.28E-77	0.748657	0.203618	3.93122	0.0554833	0.0329025	25.126	0.270629	3.84186	0.0165343	0.0635897	0.192557	0.00950228	0.0153784	0.00461351	0.000461351	0.001	0.00201797	0.00114557	0.001	0.001	0.0113266	0.0110005	0.000194518	0.00128414	0.000547444	0.00452623	0.00421928	0.0012526	0.0040359	0.00432375	0.000138104	0.00092367	0.0022451	0.00548942	0.00727789	1.21E-05	0.0013519	0.0059381	0.00729	0.00689075	0.000399253	0.00562867	0.0943713	0.003
26235	2.59385	0.601126	2.06E-78	0.72558	0.268694	3.93512	0.0675068	0.0858446	23.712	0.323921	4.32433	0.0223329	0.0832775	0.246886	0.0123249	0.021379	0.00641369	0.000641369	0.001	0.0025399	0.00121269	0.001	0.001	0.0112228	0.0106926	0.000215264	0.0014287	0.000692426	0.00469666	0.00465187	0.0013908	0.00501436	0.00414833	0.000134928	0.000882096	0.00295074	0.0052171	0.00727208	1.79E-05	0.00135081	0.00593919	0.00729	0.00678044	0.000509561	0.00557767	0.0944223	0.003
27030	2.71171	0.488984	-1.76E-85	0.726245	0.329287	3.93516	0.0758721	0.150218	22.169	0.372427	4.68514	0.0275739	0.100813	0.292586	0.0149194	0.0269902	0.00809706	0.000809706	0.001	0.00302801	0.00127546	0.001	0.001	0.0111257	0.0104047	0.000234662	0.0015639	0.00081879	0.00486519	0.00505643	0.00151999	0.00592903	0.0039853	0.000131957	0.000843207	0.00361021	0.00496244	0.00726738	2.26E-05	0.0013508	0.0059392	0.00729	0.00668212	0.000607884	0.00557743	0.0944226	0.003
27825	2.83486	0.351969	-8.26E-89	0.735287	0.38596	3.93604	0.0828626	0.219713	20.6167	0.419777	4.96694	0.0323125	0.117917	0.335516	0.0173242	0.0322358	0.00967073	0.000967073	0.001	0.00348436	0.00133413	0.001	0.001	0.0110348	0.0101355	0.000252792	0.00169029	0.000930957	0.00502862	0.00543463	0.00164069	0.00678382	0.00383378	0.000129178	0.00080683	0.00422639	0.00472432	0.00726304	2.70E-05	0.00135055	0.00593945	0.00729	0.0065935	0.000696504	0.00553924	0.0944608	0.003
28620	2.96343	0.189634	-6.04E-92	0.745395	0.438219	3.93823	0.0895254	0.290789	19.1058	0.46705	5.18867	0.0365465	0.135238	0.378058	0.0195671	0.0371349	0.0111405	0.00111405	0.001	0.00391063	0.00138891	0.001	0.001	0.0109495	0.00988371	0.00026972	0.00180833	0.00103067	0.00518615	0.00578784	0.00175319	0.00758187	0.003693	0.000126578	0.000772805	0.00480156	0.00450176	0.00725855	3.15E-05	0.00134993	0.00594007	0.00729	0.00651293	0.000777068	0.00545971	0.0945403	0.003
29415	0.0301262	4.99982	0	0.769325	0.491394	3.94114	0.0963992	0.359019	17.673	0.517055	5.39411	0.0406503	0.153267	0.421616	0.0215471	0.0416774	0.0125032	0.00125032	0.001	0.00430588	0.00143957	0.001	0.001	0.0108686	0.00964838	0.000285391	0.00191766	0.00112559	0.00532904	0.00611495	0.00185628	0.00832133	0.00356249	0.000124143	0.000740992	0.00533448	0.00429438	0.00725356	3.64E-05	0.00134912	0.00594088	0.00729	0.00644343	0.000846567	0.00531317	0.0946868	0.003
30210	0.0314975	4.99771	0	0.786225	0.539373	3.94654	0.104069	0.42641	16.2574	0.568428	5.5542	0.0442561	0.172272	0.467472	0.0234666	0.0459851	0.0137955	0.00137955	0.001	0.00468103	0.00148786	0.001	0.001	0.0107947	0.00942816	0.000300285	0.00202163	0.00120954	0.00547161	0.00642609	0.0019559	0.00902266	0.00344057	0.000121869	0.000711206	0.00583958	0.00409926	0.00724756	4.24E-05	0.00134762	0.00594238	0.00729	0.00637746	0.000912544	0.00515663	0.0948434	0.003
31005	0.0329311	4.99534	0	0.803582	0.584486	3.95167	0.112761	0.489593	14.9019	0.621805	5.68979	0.0475312	0.192333	0.515931	0.0252447	0.0500138	0.0150041	0.00150041	0.001	0.00503208	0.00153306	0.001	0.001	0.0107257	0.00922227	0.000314213	0.00211894	0.00128689	0.00560609	0.00671728	0.00204909	0.0096782	0.00332721	0.000119742	0.000683344	0.00631151	0.00391679	0.00724023	4.98E-05	0.00134619	0.00594381	0.00729	0.00631754	0.000972465	0.00497811	0.0950219	0.003
31800	0.0344301	4.99269	0	0.821297	0.626884	3.95728	0.122706	0.547786	13.5945	0.677615	5.80572	0.050503	0.213568	0.567462	0.0268869	0.0537812	0.0161344	0.00161344	0.001	0.0053606	0.00157537	0.001	0.001	0.0106612	0.00902983	0.000327236	0.00221001	0.00135811	0.00573292	0.00698983	0.00213626	0.0102908	0.00322182	0.000117752	0.000657281	0.00675229	0.00374618	0.00723113	5.89E-05	0.00134464	0.00594536	0.00729	0.00626319	0.00102681	0.0047845	0.0952155	0.003
32595	0.0359972	4.98975	0	0.839466	0.666692	3.9631	0.133899	0.600552	12.3358	0.735633	5.90549	0.0531916	0.235888	0.62188	0.0283997	0.057304	0.0171912	0.00171912	0.001	0.00566805	0.00161496	0.001	0.001	0.0106009	0.00884999	0.000339411	0.00229526	0.00142394	0.00585226	0.00724495	0.0022178	0.0108631	0.00312381	0.000115891	0.000632901	0.00716377	0.00358668	0.00722001	7.00E-05	0.00134302	0.00594698	0.00729	0.00621394	0.00107606	0.0045851	0.0954149	0.003
33390	0.0376357	4.98652	0	0.858275	0.704027	3.96886	0.146059	0.647999	11.1338	0.795025	5.99175	0.0556133	0.258953	0.678227	0.0297891	0.0605976	0.0181793	0.00181793	0.001	0.00595579	0.00165202	0.001	0.001	0.0105446	0.00868198	0.000350792	0.00237506	0.00148499	0.00596427	0.00748376	0.00229407	0.0113976	0.00303266	0.00011415	0.000610097	0.00754766	0.00343758	0.00720688	8.31E-05	0.00134144	0.00594856	0.00729	0.00616939	0.00112061	0.00438998	0.09561	0.003
34185	0.0393487	4.98298	0	0.877947	0.738995	3.97428	0.158719	0.690626	10.0011	0.854531	6.06654	0.0577815	0.28225	0.735027	0.0310602	0.0636764	0.0191029	0.00191029	0.001	0.00622508	0.00168672	0.001	0.001	0.0104921	0.00852506	0.000361429	0.00244977	0.00154181	0.00606919	0.00770731	0.00236542	0.0118965	0.00294789	0.000112522	0.000588765	0.00790561	0.00329823	0.00719204	9.80E-05	0.00133994	0.00595006	0.00729	0.00612918	0.00116082	0.00420751	0.0957925	0.003
34980	0.0411397	4.97913	0	0.89873	0.771695	3.97921	0.171387	0.729052	8.94888	0.912835	6.13145	0.0597077	0.305244	0.790761	0.0322176	0.0665538	0.0199662	0.00199662	0.001	0.00647712	0.00171919	0.001	0.001	0.010443	0.00837855	0.000371369	0.00251969	0.00159488	0.00616726	0.00791658	0.00243216	0.012362	0.00286903	0.000110999	0.000568811	0.00823915	0.00316801	0.00717604	0.000113962	0.00133859	0.00595141	0.00729	0.00609303	0.00119697	0.00404248	0.0959575	0.003
35775	0.0430123	4.97494	0	0.920893	0.80221	3.98359	0.183659	0.763821	7.98427	0.968826	6.18772	0.0614015	0.327485	0.844187	0.0332645	0.0692423	0.0207727	0.00207727	0.001	0.00671299	0.00174959	0.001	0.001	0.0103972	0.00824179	0.000380656	0.00258515	0.0016446	0.00625873	0.00811246	0.00249459	0.0127963	0.00279566	0.000109575	0.000550146	0.00854981	0.00304634	0.00715944	0.000130564	0.00133739	0.00595261	0.00729	0.00606069	0.00122931	0.00389631	0.0961037	0.003
36570	0.04497	4.97043	0	0.944714	0.830616	3.98742	0.195247	0.79536	7.11052	1.02167	6.23636	0.0628713	0.348632	0.894415	0.0342038	0.0717534	0.021526	0.0021526	0.001	0.00693374	0.00177804	0.001	0.001	0.0103544	0.00811415	0.000389332	0.00264643	0.00169133	0.0063439	0.00829582	0.00255298	0.0132013	0.00272739	0.000108243	0.000532687	0.00883901	0.00293268	0.00714278	0.000147216	0.00133633	0.00595367	0.00729	0.00603197	0.00125803	0.00376833	0.0962317	0.003
37365	0.0470169	4.96556	0	0.970455	0.856975	3.99077	0.205958	0.823994	6.32788	1.07077	6.27819	0.0641251	0.368446	0.940859	0.0350378	0.0740978	0.0222293	0.00222293	0.001	0.00714032	0.00180467	0.001	0.001	0.0103146	0.00799504	0.000397437	0.00270378	0.00173536	0.00642306	0.00846744	0.0026076	0.0135789	0.00266385	0.000106997	0.000516355	0.00910817	0.0028265	0.00712656	0.00016344	0.00133542	0.00595458	0.00729	0.0060067	0.0012833	0.00365685	0.0963431	0.003
38160	0.049157	4.96034	0	0.998324	0.881339	3.99368	0.215677	0.849986	5.63456	1.11574	6.31386	0.0651723	0.386768	0.983169	0.0357687	0.0762851	0.0228855	0.00228855	0.001	0.00733363	0.00182959	0.001	0.001	0.0102774	0.00788391	0.000405008	0.00275745	0.00177695	0.00649654	0.00862807	0.0026587	0.013931	0.0026047	0.000105831	0.000501078	0.00935863	0.00272731	0.00711116	0.000178841	0.00133463	0.00595537	0.00729	0.00598472	0.00130528	0.00355987	0.0964401	0.003
38955	0.0513944	4.95475	0	1.02844	0.903757	3.99621	0.224345	0.873565	5.02709	1.15638	6.34398	0.0660242	0.40351	1.0212	0.0363999	0.0783246	0.0234974	0.00234974	0.001	0.00751453	0.00185291	0.001	0.001	0.0102426	0.00778021	0.00041208	0.00280769	0.0018163	0.00656467	0.0087784	0.00270649	0.0142592	0.0025496	0.000104741	0.000486788	0.00959168	0.00263466	0.00709688	0.000193118	0.00133393	0.00595607	0.00729	0.00596587	0.00132413	0.00347542	0.0965246	0.003
39750	0.0537337	4.94877	0	1.06078	0.924281	3.99841	0.231956	0.894945	4.50048	1.19266	6.3691	0.0666955	0.41865	1.05495	0.0369357	0.0802243	0.0240673	0.00240673	0.001	0.0076838	0.00187474	0.001	0.001	0.0102102	0.00768345	0.000418686	0.0028547	0.00185353	0.00662782	0.00891909	0.0027512	0.0145652	0.00249828	0.000103722	0.000473421	0.00980854	0.00254811	0.00708393	0.000206066	0.00133333	0.00595667	0.00729	0.00594996	0.00134004	0.00340164	0.0965984	0.003
40545	0.0561795	4.9424	0	1.09519	0.94297	4.00035	0.238545	0.91433	4.04836	1.22471	6.38972	0.0672042	0.432223	1.08461	0.0373821	0.0819921	0.0245976	0.00245976	0.001	0.00784219	0.00189516	0.001	0.001	0.01018	0.00759316	0.000424857	0.0028987	0.00188876	0.00668635	0.00905076	0.00279302	0.0148505	0.00245044	0.000102768	0.000460917	0.0100104	0.00246726	0.00707241	0.000217586	0.00133281	0.00595719	0.00729	0.00593677	0.00135323	0.00333688	0.0966631	0.003
41340	0.0587366	4.93562	0	1.13136	0.9599	4.00205	0.244182	0.931919	3.66331	1.25279	6.40639	0.067571	0.444313	1.11045	0.0377467	0.0836348	0.0250905	0.00250905	0.001	0.0079904	0.00191428	0.001	0.001	0.0101518	0.00750889	0.000430623	0.00293988	0.00192206	0.00674065	0.00917397	0.00283214	0.0151166	0.00240584	0.000101876	0.000449221	0.0101983	0.00239173	0.00706233	0.000227666	0.00133234	0.00595766	0.00729	0.00592605	0.00136395	0.00327968	0.0967203	0.003
42135	0.06141	4.92842	0	1.16888	0.975163	4.00357	0.248958	0.947903	3.33731	1.27724	6.4196	0.0678178	0.455038	1.13283	0.0380381	0.0851594	0.0255478	0.00255478	0.001	0.00812908	0.00193217	0.001	0.001	0.0101254	0.00743022	0.00043601	0.00297841	0.00195347	0.00679107	0.00928928	0.00286873	0.0153648	0.00236423	0.000101042	0.00043828	0.0103733	0.00232116	0.00705363	0.000236368	0.00133193	0.00595807	0.00729	0.0059175	0.0013725	0.0032288	0.0967712	0.003
42930	0.0642052	4.92078	0	1.20728	0.988869	4.00492	0.252977	0.962458	3.06226	1.29848	6.42987	0.0679663	0.464537	1.15215	0.0382659	0.0865721	0.0259716	0.00259716	0.001	0.00825883	0.0019489	0.001	0.001	0.0101009	0.00735678	0.000441043	0.00301446	0.00198304	0.00683795	0.00939717	0.00290296	0.0155964	0.0023254	0.000100262	0.000428046	0.0105363	0.00225521	0.0070462	0.000243803	0.00133156	0.00595844	0.00729	0.00591083	0.00137917	0.00318321	0.0968168	0.003
43725	0.0671276	4.91269	0	1.24608	1.00114	4.00614	0.256344	0.975745	2.83046	1.31691	6.43765	0.0680366	0.472953	1.16881	0.0384395	0.0878793	0.0263638	0.00263638	0.001	0.00838023	0.00196456	0.001	0.001	0.0100779	0.00728821	0.000445746	0.0030482	0.00201083	0.00688161	0.00949814	0.00293498	0.0158125	0.00228915	9.95E-05	0.000418473	0.0106882	0.00219359	0.00703989	0.000250111	0.00133123	0.00595877	0.00729	0.00590576	0.00138424	0.00314208	0.0968579	0.003
44520	0.070183	4.90413	0	1.28485	1.0121	4.00725	0.259157	0.987908	2.63494	1.33294	6.44336	0.0680464	0.480424	1.18319	0.0385678	0.0890868	0.026726	0.0026726	0.001	0.00849383	0.00197922	0.001	0.001	0.0100564	0.00722416	0.000450142	0.00307978	0.00203689	0.00692231	0.00959262	0.00296493	0.0160142	0.0022553	9.88E-05	0.000409519	0.0108298	0.00213599	0.00703456	0.000255437	0.00133093	0.00595907	0.00729	0.00590202	0.00138798	0.00310474	0.0968952	0.003
45315	0.0733775	4.89508	0	1.32319	1.02188	4.00826	0.261505	0.999069	2.46962	1.34692	6.44738	0.0680106	0.487075	1.19563	0.0386589	0.0902007	0.0270602	0.00270602	0.001	0.00860011	0.00199293	0.001	0.001	0.0100364	0.00716434	0.000454251	0.00310932	0.00206128	0.00696031	0.00968102	0.00299294	0.0162025	0.00222367	9.82E-05	0.000401142	0.0109618	0.00208216	0.00703008	0.000259921	0.00133066	0.00595934	0.00729	0.00589937	0.00139063	0.00307066	0.0969293	0.003
46110	0.0767174	4.88552	0	1.3608	1.03061	4.00918	0.263465	1.00934	2.32932	1.35916	6.45003	0.0679412	0.493016	1.20642	0.0387198	0.0912267	0.027368	0.0027368	0.001	0.00869955	0.00200576	0.001	0.001	0.0100177	0.00710845	0.000458091	0.00313697	0.0020841	0.00699582	0.00976375	0.00301915	0.0163784	0.00219411	9.76E-05	0.000393307	0.011085	0.00203185	0.00702631	0.00026369	0.00133041	0.00595959	0.00729	0.0058976	0.0013924	0.00303942	0.0969606	0.003
46905	0.0802093	4.87544	0	1.39741	1.03839	4.01003	0.265102	1.0188	2.20973	1.36992	6.45158	0.0678478	0.498343	1.21582	0.0387567	0.0921705	0.0276511	0.00276511	0.001	0.00879259	0.00201777	0.001	0.001	0.0100002	0.00705624	0.000461681	0.00316283	0.00210541	0.00702903	0.00984116	0.00304366	0.0165426	0.00216647	9.71E-05	0.000385978	0.0112	0.00198481	0.00702314	0.000266858	0.00133018	0.00595982	0.00729	0.00589653	0.00139347	0.00301069	0.0969893	0.003
47700	0.0838601	4.86481	0	1.43285	1.04534	4.01081	0.266471	1.02755	2.10733	1.37945	6.45226	0.0677379	0.503137	1.22404	0.0387745	0.0930375	0.0279112	0.00279112	0.001	0.00887964	0.002029	0.001	0.001	0.00998388	0.00700745	0.000465037	0.00318704	0.0021253	0.0070601	0.00991359	0.00306659	0.016696	0.00214063	9.65E-05	0.000379122	0.0113072	0.00194084	0.00702048	0.00026952	0.00132996	0.00596004	0.00729	0.00589601	0.00139399	0.00298419	0.0970158	0.003
48495	0.0876771	4.85362	0	1.46698	1.05154	4.01153	0.267617	1.03564	2.0192	1.38791	6.45225	0.0676172	0.507466	1.23124	0.0387775	0.093833	0.0281499	0.00281499	0.001	0.00896109	0.00203951	0.001	0.001	0.00996861	0.00696185	0.000468175	0.00320969	0.00214386	0.00708918	0.00998136	0.00308804	0.0168393	0.00211647	9.60E-05	0.000372709	0.0114074	0.00189973	0.00701824	0.000271756	0.00132977	0.00596023	0.00729	0.00589592	0.00139408	0.0029597	0.0970403	0.003
49290	0.0916678	4.84183	0	1.49971	1.0571	4.0122	0.268577	1.04314	1.94299	1.39546	6.4517	0.0674901	0.511387	1.23759	0.0387689	0.0945622	0.0283687	0.00283687	0.001	0.0090373	0.00204935	0.001	0.001	0.00995434	0.00691924	0.000471109	0.00323088	0.00216117	0.00711641	0.0100448	0.0031081	0.0169732	0.00209386	9.56E-05	0.00036671	0.0115008	0.00186129	0.00701636	0.000273636	0.00132959	0.00596041	0.00729	0.00589617	0.00139383	0.00293704	0.097063	0.003
50085	0.0958402	4.82943	0	1.53101	1.06207	4.01282	0.269382	1.05009	1.87677	1.40223	6.45074	0.0673598	0.51495	1.2432	0.0387515	0.0952299	0.028569	0.0028569	0.001	0.0091086	0.00205855	0.001	0.001	0.00994101	0.00687941	0.000473852	0.00325071	0.00217731	0.00714192	0.0101041	0.00312687	0.0170983	0.00207271	9.52E-05	0.000361099	0.0115882	0.00182535	0.00701478	0.000275216	0.00132942	0.00596058	0.00729	0.00589668	0.00139332	0.00291604	0.097084	0.003
50880	0.100202	4.81639	0	1.56084	1.06654	4.01339	0.270056	1.05655	1.81898	1.40833	6.44947	0.0672288	0.518196	1.24817	0.0387275	0.0958406	0.0287522	0.00287522	0.001	0.0091753	0.00206716	0.001	0.001	0.00992855	0.00684217	0.000476417	0.00326926	0.00219236	0.0071658	0.0101596	0.00314442	0.0172152	0.00205292	9.48E-05	0.00035585	0.0116697	0.00179175	0.00701346	0.000276543	0.00132926	0.00596074	0.00729	0.00589737	0.00139263	0.00289656	0.0971034	0.003
51675	0.104763	4.80268	0	1.58921	1.07055	4.01392	0.270621	1.06255	1.76833	1.41385	6.44797	0.0670989	0.521159	1.25258	0.0386987	0.0963987	0.0289196	0.00289196	0.001	0.00923772	0.00207522	0.001	0.001	0.0099169	0.00680737	0.000478815	0.00328663	0.0022064	0.00718818	0.0102116	0.00316084	0.0173245	0.00203439	9.44E-05	0.00035094	0.0117459	0.00176032	0.00701234	0.000277656	0.00132912	0.00596088	0.00729	0.00589821	0.00139179	0.00287849	0.0971215	0.003
52470	0.109532	4.78827	0	1.61614	1.07416	4.01442	0.271093	1.06813	1.72375	1.41885	6.4463	0.0669713	0.52387	1.25652	0.0386664	0.0969084	0.0290725	0.00290725	0.001	0.00929611	0.00208276	0.001	0.001	0.00990601	0.00677482	0.000481058	0.00330287	0.00221949	0.00720914	0.0102602	0.0031762	0.0174266	0.00201705	9.40E-05	0.000346348	0.0118171	0.00173094	0.00701141	0.000278589	0.00132899	0.00596101	0.00729	0.00589915	0.00139085	0.0028617	0.0971383	0.003
53265	0.114517	4.77314	0	1.64167	1.07741	4.01488	0.271488	1.07333	1.68439	1.4234	6.44452	0.0668471	0.526355	1.26003	0.0386318	0.0973735	0.029212	0.0029212	0.001	0.00935075	0.00208981	0.001	0.001	0.00989583	0.0067444	0.000483155	0.00331807	0.0022317	0.00722877	0.0103057	0.00319057	0.0175221	0.00200082	9.37E-05	0.000342051	0.0118836	0.00170346	0.00701063	0.00027937	0.00132886	0.00596114	0.00729	0.00590016	0.00138984	0.0028461	0.0971539	0.003
54060	0.11973	4.75725	0	1.66582	1.08035	4.0153	0.271816	1.07817	1.6495	1.42756	6.44266	0.0667268	0.528636	1.26318	0.0385957	0.0977974	0.0293392	0.00293392	0.001	0.00940186	0.00209641	0.001	0.001	0.00988631	0.00671595	0.000485116	0.0033323	0.00224308	0.00724716	0.0103483	0.00320401	0.0176114	0.00198563	9.34E-05	0.000338033	0.0119457	0.00167776	0.00700998	0.00028002	0.00132875	0.00596125	0.00729	0.00590121	0.00138879	0.00283159	0.0971684	0.003
54855	0.125179	4.74058	0	1.68865	1.08301	4.0157	0.272089	1.08267	1.61849	1.43136	6.44077	0.0666109	0.530732	1.266	0.0385589	0.0981837	0.0294551	0.00294551	0.001	0.00944969	0.00210259	0.001	0.001	0.00987741	0.00668935	0.00048695	0.0033456	0.0022537	0.00726438	0.0103881	0.00321658	0.0176948	0.0019714	9.31E-05	0.000334274	0.0120038	0.00165373	0.00700944	0.000280561	0.00132864	0.00596136	0.00729	0.00590228	0.00138772	0.0028181	0.0971819	0.003
55650	0.130877	4.72308	0	1.71021	1.08542	4.01607	0.272315	1.08687	1.59084	1.43484	6.43886	0.0664996	0.532662	1.26854	0.0385218	0.0985354	0.0295606	0.00295606	0.001	0.00949443	0.00210836	0.001	0.001	0.00986909	0.00666448	0.000488666	0.00335806	0.00226361	0.00728051	0.0104253	0.00322834	0.0177729	0.00195808	9.28E-05	0.000330758	0.0120581	0.00163125	0.00700899	0.000281009	0.00132854	0.00596146	0.00729	0.00590336	0.00138664	0.00280556	0.0971944	0.003
56445	0.136834	4.70472	0	1.73056	1.0876	4.01641	0.2725	1.09079	1.56612	1.43805	6.43696	0.0663932	0.53444	1.27082	0.0384849	0.0988554	0.0296566	0.00296566	0.001	0.0095363	0.00211377	0.001	0.001	0.00986131	0.00664122	0.00049027	0.00336971	0.00227286	0.00729562	0.0104602	0.00323934	0.0178458	0.00194561	9.26E-05	0.000327468	0.0121089	0.00161023	0.00700862	0.000281376	0.00132845	0.00596155	0.00729	0.00590444	0.00138556	0.00279388	0.0972061	0.003
57240	0.143062	4.68546	0	1.74974	1.08958	4.01673	0.272651	1.09444	1.54397	1.44099	6.43508	0.0662915	0.53608	1.27288	0.0384485	0.0991463	0.0297439	0.00297439	0.001	0.00957547	0.00211883	0.001	0.001	0.00985404	0.00661947	0.000491771	0.00338061	0.00228149	0.00730976	0.0104928	0.00324962	0.017914	0.00193393	9.24E-05	0.000324392	0.0121563	0.00159057	0.00700832	0.000281676	0.00132836	0.00596164	0.00729	0.0059055	0.0013845	0.00278302	0.097217	0.003
58035	0.149574	4.66528	0	1.76781	1.09138	4.01703	0.272773	1.09784	1.52407	1.44371	6.43324	0.0661947	0.537593	1.27474	0.0384129	0.0994106	0.0298232	0.00298232	0.001	0.00961211	0.00212356	0.001	0.001	0.00984724	0.00659913	0.000493174	0.00339081	0.00228955	0.00732301	0.0105234	0.00325925	0.0179778	0.00192299	9.21E-05	0.000321514	0.0122007	0.00157218	0.00700808	0.000281919	0.00132828	0.00596172	0.00729	0.00590654	0.00138346	0.0027729	0.0972271	0.003
58830	0.156382	4.64411	0	1.78482	1.09302	4.01731	0.27287	1.10102	1.50617	1.44622	6.43144	0.0661026	0.538991	1.27642	0.0383782	0.0996506	0.0298952	0.00298952	0.001	0.0096464	0.00212799	0.001	0.001	0.00984088	0.00658011	0.000494486	0.00340036	0.00229707	0.00733542	0.0105519	0.00326825	0.0180375	0.00191275	9.19E-05	0.000318821	0.0122421	0.00155498	0.00700789	0.000282112	0.0013282	0.0059618	0.00729	0.00590755	0.00138245	0.00276348	0.0972365	0.003
59625	0.163499	4.62193	0	1.80084	1.09451	4.01757	0.272947	1.10398	1.49002	1.44855	6.4297	0.0660152	0.540284	1.27794	0.0383446	0.0998684	0.0299605	0.00299605	0.001	0.00967848	0.00213213	0.001	0.001	0.00983493	0.00656232	0.000495714	0.00340929	0.00230409	0.00734703	0.0105787	0.00327667	0.0180933	0.00190315	9.17E-05	0.000316303	0.0122809	0.0015389	0.00700774	0.000282264	0.00132813	0.00596187	0.00729	0.00590853	0.00138147	0.0027547	0.0972453	0.003
60420	0.170941	4.59868	0	1.81591	1.09588	4.01781	0.273005	1.10675	1.47544	1.45069	6.42801	0.0659323	0.541479	1.27931	0.0383122	0.100066	0.0300198	0.00300198	0.001	0.00970849	0.00213601	0.001	0.001	0.00982937	0.00654568	0.000496862	0.00341764	0.00231064	0.0073579	0.0106037	0.00328455	0.0181454	0.00189417	9.16E-05	0.000313947	0.0123172	0.00152385	0.00700762	0.00028238	0.00132807	0.00596193	0.00729	0.00590948	0.00138052	0.00274652	0.0972535	0.003
61215	0.178722	4.57432	0	1.83008	1.09712	4.01803	0.273049	1.10933	1.46225	1.45269	6.42638	0.0658537	0.542586	1.28056	0.038281	0.100245	0.0300735	0.00300735	0.001	0.00973657	0.00213964	0.001	0.001	0.00982416	0.00653011	0.000497936	0.00342546	0.00231677	0.00736808	0.0106271	0.00329191	0.0181942	0.00188575	9.14E-05	0.000311744	0.0123511	0.00150978	0.00700753	0.000282467	0.00132801	0.00596199	0.00729	0.00591039	0.00137961	0.0027389	0.0972611	0.003
62010	0.186856	4.5488	0	1.8434	1.09826	4.01824	0.273079	1.11174	1.45029	1.45454	6.42482	0.0657794	0.54361	1.28169	0.038251	0.100407	0.0301221	0.00301221	0.001	0.00976284	0.00214303	0.001	0.001	0.0098193	0.00651556	0.000498941	0.00343278	0.00232248	0.00737761	0.0106489	0.00329881	0.0182399	0.00187786	9.12E-05	0.000309683	0.0123828	0.00149661	0.00700747	0.000282528	0.00132795	0.00596205	0.00729	0.00591127	0.00137873	0.0027318	0.0972682	0.003
62805	0.195361	4.52207	0	1.85592	1.0993	4.01843	0.273099	1.11399	1.43945	1.45625	6.42332	0.065709	0.544559	1.28272	0.0382224	0.100554	0.0301661	0.00301661	0.001	0.00978742	0.00214621	0.001	0.001	0.00981475	0.00650194	0.000499881	0.00343962	0.00232782	0.00738654	0.0106694	0.00330525	0.0182825	0.00187048	9.11E-05	0.000307755	0.0124125	0.0014843	0.00700743	0.000282568	0.0013279	0.0059621	0.00729	0.00591211	0.00137789	0.00272518	0.0972748	0.003
63600	0.204253	4.49407	0	1.86768	1.10025	4.01862	0.27311	1.11609	1.4296	1.45785	6.42188	0.0656426	0.545438	1.28366	0.038195	0.100687	0.030206	0.0030206	0.001	0.00981041	0.00214918	0.001	0.001	0.0098105	0.0064892	0.000500759	0.00344603	0.00233281	0.00739489	0.0106886	0.00331128	0.0183225	0.00186356	9.10E-05	0.000305951	0.0124402	0.00147278	0.00700741	0.00028259	0.00132785	0.00596215	0.00729	0.00591291	0.00137709	0.00271901	0.097281	0.003
64395	0.21355	4.46475	0	1.87873	1.10113	4.01878	0.273114	1.11805	1.42064	1.45933	6.42051	0.0655798	0.546254	1.28451	0.0381689	0.100806	0.0302419	0.00302419	0.001	0.00983193	0.00215196	0.001	0.001	0.00980652	0.00647729	0.000501581	0.00345202	0.00233748	0.0074027	0.0107065	0.00331692	0.0183598	0.00185708	9.08E-05	0.000304264	0.0124662	0.00146201	0.0070074	0.000282596	0.00132781	0.00596219	0.00729	0.00591367	0.00137633	0.00271326	0.0972867	0.003
65190	0.22327	4.43405	0	1.88911	1.10193	4.01894	0.273111	1.11988	1.41249	1.46071	6.4192	0.0655205	0.54701	1.28528	0.038144	0.100915	0.0302744	0.00302744	0.001	0.00985205	0.00215456	0.001	0.001	0.00980279	0.00646614	0.00050235	0.00345763	0.00234183	0.00741002	0.0107233	0.00332219	0.0183947	0.001851	9.07E-05	0.000302686	0.0124904	0.00145193	0.00700741	0.000282591	0.00132776	0.00596224	0.00729	0.0059144	0.0013756	0.00270789	0.0972921	0.003
65985	0.233432	4.4019	0	1.89885	1.10267	4.01909	0.273103	1.12159	1.40506	1.46199	6.41795	0.0654645	0.547711	1.28599	0.0381204	0.101013	0.0303038	0.00303038	0.001	0.00987089	0.00215699	0.001	0.001	0.00979931	0.00645572	0.00050307	0.00346288	0.0023459	0.00741687	0.010739	0.00332713	0.0184274	0.00184532	9.06E-05	0.00030121	0.0125131	0.0014425	0.00700743	0.000282575	0.00132772	0.00596228	0.00729	0.00591509	0.00137491	0.00270289	0.0972971	0.003
66780	0.244057	4.36825	0	1.908	1.10334	4.01923	0.273091	1.12319	1.39828	1.46319	6.41676	0.0654117	0.548362	1.28663	0.0380979	0.101101	0.0303302	0.00303302	0.001	0.0098885	0.00215927	0.001	0.001	0.00979606	0.00644597	0.000503743	0.00346778	0.0023497	0.00742328	0.0107537	0.00333174	0.018458	0.00183999	9.05E-05	0.000299829	0.0125344	0.00143369	0.00700745	0.00028255	0.00132769	0.00596231	0.00729	0.00591575	0.00137425	0.00269822	0.0973018	0.003
67575	0.255165	4.33303	0	1.91658	1.10396	4.01935	0.273075	1.12468	1.39209	1.4643	6.41564	0.0653619	0.548966	1.28722	0.0380766	0.10118	0.030354	0.0030354	0.001	0.00990499	0.0021614	0.001	0.001	0.00979301	0.00643684	0.000504372	0.00347238	0.00235326	0.00742928	0.0107674	0.00333606	0.0184866	0.00183499	9.04E-05	0.000298537	0.0125543	0.00142544	0.00700748	0.000282519	0.00132765	0.00596235	0.00729	0.00591637	0.00137363	0.00269387	0.0973061	0.003
68370	0.266779	4.29616	0	1.92464	1.10453	4.01947	0.273056	1.12607	1.38644	1.46534	6.41456	0.0653149	0.549527	1.28775	0.0380564	0.101252	0.0303755	0.00303755	0.001	0.00992041	0.00216339	0.001	0.001	0.00979016	0.00642831	0.000504961	0.00347667	0.00235658	0.00743489	0.0107803	0.0033401	0.0185133	0.00183032	9.03E-05	0.000297328	0.0125728	0.00141772	0.00700752	0.000282482	0.00132762	0.00596238	0.00729	0.00591696	0.00137304	0.0026898	0.0973102	0.003
69165	0.278922	4.25756	0	1.9322	1.10506	4.01959	0.273035	1.12738	1.38127	1.46631	6.41355	0.0652707	0.550047	1.28824	0.0380373	0.101316	0.0303948	0.00303948	0.001	0.00993484	0.00216526	0.001	0.001	0.0097875	0.00642032	0.000505511	0.0034807	0.00235968	0.00744015	0.0107923	0.00334387	0.0185383	0.00182593	9.02E-05	0.000296198	0.0125902	0.0014105	0.00700756	0.000282441	0.00132759	0.00596241	0.00729	0.00591752	0.00137248	0.00268601	0.097314	0.003
69960	0.291617	4.21718	0	1.93928	1.10554	4.01969	0.273013	1.12859	1.37654	1.46722	6.41258	0.0652289	0.550531	1.28869	0.0380192	0.101374	0.0304121	0.00304121	0.001	0.00994833	0.002167	0.001	0.001	0.009785	0.00641286	0.000506027	0.00348446	0.00236259	0.00744506	0.0108036	0.0033474	0.0185617	0.00182183	9.01E-05	0.000295141	0.0126065	0.00140375	0.0070076	0.000282396	0.00132756	0.00596244	0.00729	0.00591805	0.00137195	0.00268247	0.0973175	0.003
70755	0.30489	4.17491	0	1.94593	1.10599	4.01979	0.272989	1.12973	1.37222	1.46806	6.41167	0.0651896	0.55098	1.2891	0.0380021	0.101425	0.0304276	0.00304276	0.001	0.00996096	0.00216863	0.001	0.001	0.00978267	0.00640587	0.000506508	0.00348798	0.0023653	0.00744967	0.0108141	0.00335071	0.0185836	0.00181798	9.01E-05	0.000294152	0.0126217	0.00139743	0.00700765	0.000282349	0.00132753	0.00596247	0.00729	0.00591855	0.00137145	0.00267917	0.0973208	0.003
71550	0.318767	4.13068	0	1.95217	1.1064	4.01988	0.272965	1.13079	1.36825	1.46885	6.41081	0.0651526	0.551398	1.28947	0.037986	0.101472	0.0304416	0.00304416	0.001	0.00997278	0.00217016	0.001	0.001	0.00978049	0.00639933	0.000506959	0.00349127	0.00236783	0.00745397	0.010824	0.00335379	0.0186041	0.00181438	9.00E-05	0.000293226	0.012636	0.00139152	0.0070077	0.0002823	0.00132751	0.00596249	0.00729	0.00591902	0.00137098	0.00267609	0.0973239	0.003
72345	0.333275	4.08441	0	1.95802	1.10678	4.01996	0.272939	1.13178	1.36462	1.46958	6.40999	0.0651177	0.551786	1.28981	0.0379707	0.101514	0.0304541	0.00304541	0.001	0.00998383	0.00217159	0.001	0.001	0.00977844	0.00639321	0.000507381	0.00349435	0.0023702	0.007458	0.0108332	0.00335668	0.0186233	0.001811	8.99E-05	0.000292361	0.0126493	0.00138599	0.00700775	0.00028225	0.00132749	0.00596251	0.00729	0.00591947	0.00137053	0.00267321	0.0973268	0.003
73140	0.348444	4.03599	0	1.9635	1.10713	4.02004	0.272914	1.13271	1.36129	1.47027	6.40921	0.0650848	0.552147	1.29012	0.0379564	0.101551	0.0304652	0.00304652	0.001	0.00999417	0.00217292	0.001	0.001	0.00977653	0.00638749	0.000507775	0.00349723	0.00237242	0.00746177	0.0108418	0.00335939	0.0186412	0.00180783	8.99E-05	0.000291551	0.0126618	0.00138082	0.0070078	0.000282199	0.00132747	0.00596253	0.00729	0.00591989	0.00137011	0.00267053	0.0973295	0.003
73935	0.364303	3.98532	0	1.96864	1.10745	4.02011	0.272888	1.13358	1.35824	1.47091	6.40848	0.0650539	0.552482	1.29041	0.0379428	0.101584	0.0304752	0.00304752	0.001	0.0100038	0.00217417	0.001	0.001	0.00977475	0.00638213	0.000508144	0.00349993	0.00237449	0.0074653	0.0108499	0.00336191	0.018658	0.00180487	8.98E-05	0.000290794	0.0126734	0.00137598	0.00700785	0.000282148	0.00132745	0.00596255	0.00729	0.00592029	0.00136971	0.00266802	0.097332	0.003
74730	0.380884	3.93232	0	1.97345	1.10774	4.02018	0.272863	1.13439	1.35544	1.47151	6.40778	0.0650247	0.552794	1.29067	0.03793	0.101614	0.0304841	0.00304841	0.001	0.0100129	0.00217534	0.001	0.001	0.00977307	0.00637712	0.000508489	0.00350245	0.00237643	0.0074686	0.0108574	0.00336427	0.0186737	0.00180209	8.97E-05	0.000290085	0.0126844	0.00137146	0.0070079	0.000282097	0.00132743	0.00596257	0.00729	0.00592067	0.00136933	0.00266569	0.0973343	0.003
75525	0.39822	3.87688	0	1.97797	1.10802	4.02025	0.272837	1.13515	1.35287	1.47207	6.40713	0.0649973	0.553083	1.29091	0.037918	0.10164	0.030492	0.0030492	0.001	0.0100214	0.00217644	0.001	0.001	0.00977151	0.00637243	0.000508812	0.00350482	0.00237824	0.00747169	0.0108645	0.00336648	0.0186884	0.00179948	8.97E-05	0.000289422	0.0126946	0.00136722	0.00700795	0.000282047	0.00132741	0.00596259	0.00729	0.00592102	0.00136898	0.0026635	0.0973365	0.003
76320	0.416344	3.81887	0	1.98219	1.10827	4.02031	0.272812	1.13586	1.35051	1.47259	6.40651	0.0649714	0.553353	1.29113	0.0379066	0.101663	0.030499	0.0030499	0.001	0.0100293	0.00217746	0.001	0.001	0.00977004	0.00636805	0.000509114	0.00350702	0.00237993	0.00747458	0.0108711	0.00336855	0.0187021	0.00179704	8.97E-05	0.000288802	0.0127041	0.00136326	0.007008	0.000281997	0.00132739	0.00596261	0.00729	0.00592135	0.00136865	0.00266147	0.0973385	0.003
77115	0.435294	3.7582	0	1.98615	1.1085	4.02036	0.272788	1.13652	1.34834	1.47308	6.40592	0.0649471	0.553604	1.29133	0.037896	0.101684	0.0305053	0.00305053	0.001	0.0100367	0.00217842	0.001	0.001	0.00976867	0.00636394	0.000509397	0.00350909	0.00238151	0.00747728	0.0108773	0.00337048	0.018715	0.00179476	8.96E-05	0.000288222	0.0127131	0.00135956	0.00700805	0.000281948	0.00132738	0.00596262	0.00729	0.00592166	0.00136834	0.00265956	0.0973404	0.003
77910	0.455106	3.69473	0	1.98986	1.10872	4.02042	0.272764	1.13714	1.34635	1.47354	6.40537	0.0649241	0.553837	1.29152	0.037886	0.101703	0.0305108	0.00305108	0.001	0.0100436	0.00217932	0.001	0.001	0.00976739	0.0063601	0.000509661	0.00351102	0.00238299	0.00747982	0.0108831	0.00337229	0.018727	0.00179262	8.96E-05	0.000287679	0.0127215	0.00135609	0.0070081	0.000281901	0.00132736	0.00596264	0.00729	0.00592196	0.00136804	0.00265779	0.0973422	0.003
78705	0.475819	3.62834	0	1.99333	1.10891	4.02046	0.272741	1.13772	1.34452	1.47397	6.40485	0.0649025	0.554054	1.29168	0.0378765	0.101719	0.0305157	0.00305157	0.001	0.0100501	0.00218015	0.001	0.001	0.00976618	0.00635651	0.000509908	0.00351283	0.00238437	0.00748218	0.0108885	0.00337397	0.0187382	0.00179061	8.95E-05	0.000287171	0.0127293	0.00135284	0.00700815	0.000281855	0.00132735	0.00596265	0.00729	0.00592223	0.00136777	0.00265613	0.0973439	0.003
79500	0.497475	3.5589	0	1.99658	1.1091	4.02051	0.272718	1.13826	1.34283	1.47437	6.40435	0.0648822	0.554255	1.29184	0.0378677	0.101733	0.03052	0.003052	0.001	0.0100562	0.00218094	0.001	0.001	0.00976506	0.00635314	0.000510139	0.00351452	0.00238566	0.0074844	0.0108935	0.00337555	0.0187488	0.00178873	8.95E-05	0.000286696	0.0127366	0.00134981	0.00700819	0.00028181	0.00132734	0.00596266	0.00729	0.00592249	0.00136751	0.00265459	0.0973454	0.003
80295	0.520116	3.48627	0	1.99962	1.10926	4.02055	0.272696	1.13877	1.34129	1.47474	6.40388	0.064863	0.554443	1.29198	0.0378594	0.101746	0.0305237	0.00305237	0.001	0.0100618	0.00218167	0.001	0.001	0.009764	0.00634999	0.000510355	0.0035161	0.00238687	0.00748647	0.0108983	0.00337703	0.0187586	0.00178696	8.95E-05	0.000286251	0.0127435	0.00134697	0.00700823	0.000281766	0.00132733	0.00596267	0.00729	0.00592274	0.00136726	0.00265315	0.0973468	0.003
81090	0.543788	3.4103	0	2.00247	1.10942	4.02059	0.272675	1.13924	1.33986	1.47509	6.40344	0.064845	0.554618	1.29211	0.0378517	0.101757	0.030527	0.0030527	0.001	0.0100672	0.00218236	0.001	0.001	0.00976302	0.00634705	0.000510557	0.00351758	0.002388	0.00748841	0.0109027	0.00337841	0.0187678	0.00178531	8.94E-05	0.000285835	0.0127499	0.00134431	0.00700828	0.000281724	0.00132732	0.00596268	0.00729	0.00592296	0.00136704	0.00265181	0.0973482	0.003
81885	0.568537	3.33085	0	2.00513	1.10956	4.02063	0.272654	1.13968	1.33856	1.47541	6.40302	0.0648279	0.55478	1.29223	0.0378444	0.101766	0.0305299	0.00305299	0.001	0.0100721	0.002183	0.001	0.001	0.00976209	0.00634429	0.000510746	0.00351897	0.00238905	0.00749022	0.0109068	0.00337969	0.0187764	0.00178376	8.94E-05	0.000285446	0.0127559	0.00134183	0.00700832	0.000281683	0.00132731	0.00596269	0.00729	0.00592318	0.00136682	0.00265056	0.0973494	0.003
82680	0.594413	3.24776	0	2.00761	1.10969	4.02066	0.272635	1.1401	1.33735	1.47572	6.40262	0.0648119	0.554932	1.29234	0.0378376	0.101775	0.0305324	0.00305324	0.001	0.0100768	0.0021836	0.001	0.001	0.00976122	0.00634171	0.000510923	0.00352026	0.00239004	0.00749192	0.0109107	0.0033809	0.0187845	0.00178231	8.94E-05	0.000285082	0.0127615	0.0013395	0.00700836	0.000281644	0.0013273	0.0059627	0.00729	0.00592338	0.00136662	0.00264939	0.0973506	0.003
83475	0.621465	3.16086	0	2.00993	1.10981	4.0207	0.272616	1.14049	1.33625	1.476	6.40224	0.0647967	0.555072	1.29245	0.0378313	0.101782	0.0305345	0.00305345	0.001	0.0100811	0.00218416	0.001	0.001	0.00976041	0.00633929	0.000511088	0.00352147	0.00239096	0.00749351	0.0109143	0.00338202	0.018792	0.00178095	8.93E-05	0.000284741	0.0127668	0.00133732	0.00700839	0.000281607	0.00132729	0.00596271	0.00729	0.00592356	0.00136644	0.00264831	0.0973517	0.003
84270	0.649749	3.06998	0	2.01209	1.10992	4.02073	0.272598	1.14085	1.33523	1.47626	6.40189	0.0647824	0.555203	1.29254	0.0378254	0.101788	0.0305364	0.00305364	0.001	0.0100852	0.00218468	0.001	0.001	0.00975965	0.00633703	0.000511243	0.00352261	0.00239182	0.00749499	0.0109177	0.00338307	0.0187991	0.00177968	8.93E-05	0.000284422	0.0127717	0.00133529	0.00700843	0.000281571	0.00132728	0.00596272	0.00729	0.00592373	0.00136627	0.0026473	0.0973527	0.003
85065	0.679319	2.97493	0	2.01411	1.11002	4.02075	0.272581	1.1412	1.3343	1.47651	6.40154	0.0647688	0.555325	1.29262	0.03782	0.101793	0.030538	0.0030538	0.001	0.010089	0.00218517	0.001	0.001	0.00975893	0.00633491	0.000511387	0.00352366	0.00239262	0.00749638	0.0109209	0.00338405	0.0188057	0.00177848	8.93E-05	0.000284124	0.0127763	0.00133338	0.00700846	0.000281537	0.00132727	0.00596273	0.00729	0.00592389	0.00136611	0.00264636	0.0973536	0.003
85860	0.710235	2.87554	0	2.01598	1.11011	4.02078	0.272564	1.14152	1.33344	1.47674	6.40122	0.064756	0.555438	1.2927	0.0378149	0.101798	0.0305393	0.00305393	0.001	0.0100925	0.00218563	0.001	0.001	0.00975826	0.00633293	0.000511523	0.00352465	0.00239337	0.00749768	0.0109239	0.00338496	0.0188118	0.00177736	8.93E-05	0.000283844	0.0127806	0.0013316	0.0070085	0.000281504	0.00132727	0.00596273	0.00729	0.00592404	0.00136596	0.00264549	0.0973545	0.003
86655	0.742557	2.7716	0	2.01773	1.11019	4.0208	0.272549	1.14182	1.33265	1.47696	6.40091	0.0647439	0.555543	1.29277	0.0378103	0.101801	0.0305404	0.00305404	0.001	0.0100958	0.00218606	0.001	0.001	0.00975763	0.00633107	0.000511649	0.00352558	0.00239406	0.0074989	0.0109266	0.00338581	0.0188176	0.00177631	8.93E-05	0.000283583	0.0127846	0.00132993	0.00700853	0.000281473	0.00132726	0.00596274	0.00729	0.00592418	0.00136582	0.00264469	0.0973553	0.003
87450	0.77635	2.66291	0	2.01934	1.11026	4.02083	0.272534	1.1421	1.33193	1.47716	6.40061	0.0647324	0.555641	1.29284	0.0378061	0.101804	0.0305413	0.00305413	0.001	0.0100989	0.00218646	0.001	0.001	0.00975704	0.00632933	0.000511767	0.00352644	0.00239471	0.00750003	0.0109292	0.00338661	0.018823	0.00177533	8.92E-05	0.000283338	0.0127884	0.00132837	0.00700856	0.000281444	0.00132725	0.00596275	0.00729	0.0059243	0.0013657	0.00264395	0.097356	0.003
88245	0.81168	2.54925	0	2.02084	1.11032	4.02085	0.27252	1.14237	1.33126	1.47734	6.40032	0.0647214	0.555732	1.2929	0.0378022	0.101807	0.030542	0.0030542	0.001	0.0101018	0.00218683	0.001	0.001	0.00975648	0.0063277	0.000511877	0.00352725	0.00239532	0.0075011	0.0109316	0.00338734	0.018828	0.0017744	8.92E-05	0.000283109	0.0127919	0.00132691	0.00700858	0.000281416	0.00132725	0.00596275	0.00729	0.00592441	0.00136559	0.00264326	0.0973567	0.003
89040	0.848618	2.43039	0	2.02221	1.11037	4.02087	0.272507	1.14262	1.33065	1.47751	6.40004	0.0647109	0.555817	1.29296	0.0377988	0.101809	0.0305426	0.00305426	0.001	0.0101045	0.00218718	0.001	0.001	0.00975596	0.00632617	0.00051198	0.003528	0.00239588	0.00750209	0.0109339	0.00338803	0.0188327	0.00177354	8.92E-05	0.000282894	0.0127952	0.00132554	0.00700861	0.00028139	0.00132724	0.00596276	0.00729	0.00592451	0.00136549	0.00264264	0.0973574	0.003
89835	0.887235	2.30611	0	2.02347	1.11042	4.02088	0.272494	1.14286	1.3301	1.47767	6.39977	0.0647008	0.555896	1.29301	0.0377958	0.10181	0.0305431	0.00305431	0.001	0.0101071	0.0021875	0.001	0.001	0.00975546	0.00632474	0.000512076	0.00352871	0.0023964	0.00750302	0.010936	0.00338867	0.0188371	0.00177273	8.92E-05	0.000282692	0.0127982	0.00132426	0.00700863	0.000281365	0.00132724	0.00596276	0.00729	0.0059246	0.0013654	0.00264207	0.0973579	0.003
90630	0.927609	2.17615	0	2.02461	1.11046	4.0209	0.272483	1.14308	1.32959	1.47782	6.3995	0.0646911	0.555968	1.29306	0.0377932	0.101811	0.0305434	0.00305434	0.001	0.0101094	0.00218781	0.001	0.001	0.00975499	0.0063234	0.000512165	0.00352937	0.00239688	0.00750389	0.0109379	0.00338926	0.0188412	0.00177197	8.92E-05	0.000282503	0.0128011	0.00132307	0.00700866	0.000281343	0.00132723	0.00596277	0.00729	0.00592468	0.00136532	0.00264156	0.0973584	0.003
91425	0.969819	2.04026	0	2.02564	1.11048	4.02091	0.272472	1.1433	1.32913	1.47795	6.39923	0.0646817	0.556036	1.2931	0.0377911	0.101812	0.0305436	0.00305436	0.001	0.0101116	0.00218809	0.001	0.001	0.00975455	0.00632214	0.000512249	0.00352998	0.00239732	0.00750471	0.0109398	0.00338981	0.0188451	0.00177125	8.92E-05	0.000282326	0.0128038	0.00132194	0.00700868	0.000281321	0.00132723	0.00596277	0.00729	0.00592474	0.00136526	0.00264111	0.0973589	0.003
92220	1.01395	1.89816	0	2.02655	1.1105	4.02093	0.272462	1.14351	1.32871	1.47807	6.39896	0.0646724	0.556098	1.29315	0.0377896	0.101812	0.0305437	0.00305437	0.001	0.0101137	0.00218835	0.001	0.001	0.00975412	0.00632095	0.000512326	0.00353055	0.00239773	0.00750547	0.0109415	0.00339031	0.0188486	0.00177059	8.91E-05	0.00028216	0.0128063	0.00132089	0.0070087	0.000281302	0.00132723	0.00596277	0.00729	0.00592479	0.00136521	0.00264071	0.0973593	0.003
93015	1.06008	1.74959	0	2.02733	1.1105	4.02094	0.272454	1.14371	1.32834	1.47818	6.39868	0.0646632	0.556155	1.29318	0.0377887	0.101812	0.0305437	0.00305437	0.001	0.0101156	0.00218859	0.001	0.001	0.00975372	0.00631984	0.000512399	0.00353108	0.0023981	0.00750619	0.0109431	0.00339078	0.018852	0.00176996	8.91E-05	0.000282004	0.0128086	0.00131991	0.00700872	0.000281284	0.00132722	0.00596278	0.00729	0.00592481	0.00136519	0.00264039	0.0973596	0.003
93810	1.10831	1.59424	0	2.02796	1.11048	4.02095	0.272446	1.1439	1.32801	1.47828	6.39838	0.0646538	0.556207	1.29322	0.0377885	0.101812	0.0305436	0.00305436	0.001	0.0101174	0.00218882	0.001	0.001	0.00975333	0.00631879	0.000512466	0.00353157	0.00239844	0.00750686	0.0109445	0.0033912	0.0188551	0.00176937	8.91E-05	0.000281856	0.0128108	0.00131899	0.00700873	0.000281269	0.00132722	0.00596278	0.00729	0.00592482	0.00136518	0.00264014	0.0973599	0.003
94605	1.15874	1.43182	0	2.02842	1.11044	4.02096	0.272439	1.1441	1.32772	1.47836	6.39805	0.064644	0.556255	1.29325	0.0377895	0.101811	0.0305434	0.00305434	0.001	0.010119	0.00218903	0.001	0.001	0.00975295	0.0063178	0.000512528	0.00353203	0.00239873	0.0075075	0.0109459	0.00339158	0.0188579	0.00176881	8.91E-05	0.000281718	0.0128128	0.00131813	0.00700874	0.000281256	0.00132722	0.00596278	0.00729	0.00592479	0.00136521	0.00263998	0.09736	0.003
95400	1.21145	1.26199	0	2.02867	1.11038	4.02096	0.272434	1.1443	1.32749	1.47842	6.39767	0.0646334	0.556297	1.29329	0.0377918	0.101811	0.0305432	0.00305432	0.001	0.0101205	0.00218922	0.001	0.001	0.00975258	0.00631686	0.000512585	0.00353245	0.00239898	0.0075081	0.0109472	0.00339192	0.0188606	0.00176829	8.91E-05	0.000281586	0.0128146	0.00131731	0.00700875	0.000281246	0.00132722	0.00596278	0.00729	0.00592472	0.00136528	0.00263995	0.09736	0.003
96195	1.26655	1.08444	0	2.02861	1.11026	4.02096	0.272432	1.14452	1.32731	1.47845	6.39721	0.0646212	0.556333	1.29332	0.0377963	0.101809	0.0305428	0.00305428	0.001	0.0101219	0.00218939	0.001	0.001	0.00975221	0.00631597	0.000512637	0.00353283	0.00239917	0.00750869	0.0109483	0.00339221	0.018863	0.0017678	8.91E-05	0.000281462	0.0128163	0.00131655	0.00700876	0.000281241	0.00132722	0.00596278	0.00729	0.00592459	0.00136541	0.00264009	0.0973599	0.003
96990	1.32416	0.898813	0	2.02809	1.11008	4.02096	0.272433	1.14478	1.32722	1.47845	6.3966	0.064606	0.556361	1.29335	0.0378044	0.101808	0.0305423	0.00305423	0.001	0.0101232	0.00218955	0.001	0.001	0.00975184	0.00631512	0.000512684	0.00353318	0.00239928	0.00750926	0.0109493	0.00339245	0.0188652	0.00176734	8.91E-05	0.000281342	0.0128179	0.00131584	0.00700876	0.000281243	0.00132722	0.00596278	0.00729	0.00592435	0.00136565	0.00264051	0.0973595	0.003
97785	1.38436	0.704765	0	2.02672	1.10975	4.02095	0.27244	1.1451	1.32726	1.47839	6.3957	0.064585	0.556377	1.29338	0.0378193	0.101805	0.0305416	0.00305416	0.001	0.0101244	0.00218968	0.001	0.001	0.00975143	0.00631428	0.000512726	0.00353349	0.00239927	0.00750986	0.0109503	0.00339262	0.0188672	0.00176691	8.91E-05	0.000281226	0.0128193	0.00131516	0.00700874	0.000281257	0.00132722	0.00596278	0.00729	0.00592391	0.00136609	0.00264144	0.0973585	0.003
98580	1.44728	0.501943	0	2.0235	1.10909	4.02091	0.27246	1.14561	1.32756	1.47818	6.3941	0.0645496	0.55637	1.29342	0.0378498	0.101802	0.0305407	0.00305407	0.001	0.0101253	0.00218978	0.001	0.001	0.00975097	0.00631345	0.00051276	0.00353374	0.002399	0.0075106	0.010951	0.00339269	0.0188688	0.00176649	8.91E-05	0.00028111	0.0128204	0.00131451	0.0070087	0.000281297	0.00132723	0.00596277	0.00729	0.00592302	0.00136698	0.00264355	0.0973564	0.003
99375	1.51299	0.290033	0	2.01429	1.10738	4.02082	0.272524	1.14674	1.32869	1.47751	6.3902	0.064466	0.556289	1.29349	0.0379322	0.101797	0.0305392	0.00305392	0.001	0.010126	0.00218984	0.001	0.001	0.00975034	0.00631254	0.000512781	0.00353391	0.00239794	0.0075119	0.0109515	0.00339255	0.01887	0.00176608	8.91E-05	0.000280985	0.0128213	0.00131389	0.00700858	0.000281425	0.00132726	0.00596274	0.00729	0.0059206	0.0013694	0.00264953	0.0973505	0.003
100170	1.58142	0.0691306	0	1.94291	1.09429	4.02024	0.273058	1.15444	1.33791	1.47193	6.36121	0.0638627	0.555459	1.29387	0.0385785	0.101784	0.0305352	0.00305352	0.001	0.0101258	0.0021897	0.001	0.001	0.00974894	0.00631118	0.000512758	0.00353377	0.00238888	0.00752035	0.010951	0.00339158	0.0188695	0.00176564	8.90E-05	0.000280798	0.012821	0.0013132	0.00700752	0.000282485	0.00132741	0.00596259	0.00729	0.00590171	0.00138829	0.00269737	0.0973026	0.003
100965	0.000567632	2.99999	2.99987	0.436139	0.212406	0.180877	9.77825	2.03165	9.32E-10	0.00127203	2.67056	0.0174489	0.207981	10.2395	2.06354	0.0883337	0.0265001	0.00265001	0.001	0.00887772	0.00202345	0.001	0.001	0.00998396	0.00703869	0.000454501	0.00318202	0.0089895	2.12E-05	0.00989622	0.0030652	0.0164659	0.00226278	0.000101692	0.000378756	0.0111475	0.00199785	0.000138344	0.00715166	0.0060644	0.0012256	0.00729	0.000536718	0.00675328	0.0968629	0.00313706	0.003
101760	0.000654934	2.99998	2.9997	0.437595	0.219855	0.183239	8.90871	1.97542	1.42E-09	0.00132024	2.76289	0.0195991	0.206339	8.99521	1.7711	0.0753343	0.0226003	0.00226003	0.001	0.00766232	0.00186202	0.001	0.001	0.0102103	0.00774245	0.000398873	0.00284014	0.00811988	3.37E-05	0.00887115	0.00275061	0.0141403	0.0027299	0.000112415	0.000473333	0.00952658	0.00265809	0.000166024	0.00712398	0.00605112	0.00123888	0.00729	0.000617827	0.00667217	0.0968214	0.00317859	0.003
102555	0.000755662	2.99997	2.9995	0.440645	0.225252	0.185897	8.36065	1.94317	1.91E-09	0.00136395	2.84599	0.021751	0.205777	8.19725	1.54898	0.0643574	0.0193072	0.00193072	0.001	0.00663571	0.00172641	0.001	0.001	0.010403	0.00833628	0.000353622	0.0025521	0.00740861	4.99E-05	0.00800782	0.00248396	0.0121976	0.00310971	0.00012028	0.000553498	0.00816496	0.00320821	0.000187924	0.00710208	0.00603624	0.00125376	0.00729	0.00069794	0.00659206	0.0967747	0.00322531	0.003
103350	0.000871883	2.99998	2.99927	0.443481	0.228941	0.188389	7.98223	1.92344	2.38E-09	0.00140253	2.92109	0.0239292	0.205721	7.64544	1.38235	0.0550879	0.0165264	0.00165264	0.001	0.00576916	0.00161269	0.001	0.001	0.0105672	0.00883747	0.000316739	0.00230971	0.00682485	6.88E-05	0.0072816	0.00225794	0.0105734	0.00341673	0.000126189	0.000621447	0.00702065	0.00366704	0.00020565	0.00708435	0.00602235	0.00126765	0.00729	0.000773149	0.00651685	0.0967309	0.00326913	0.003
104145	0.00100598	2.99999	2.999	0.445334	0.231056	0.190585	7.70523	1.91103	2.82E-09	0.0014352	2.98792	0.0261108	0.205918	7.24456	1.25807	0.0472601	0.014178	0.0014178	0.001	0.00503797	0.00151739	0.001	0.001	0.0107071	0.00926054	0.000286647	0.00210584	0.00634526	8.91E-05	0.00667104	0.00206636	0.00921515	0.00366377	0.000130683	0.000679043	0.00605874	0.00404993	0.000220247	0.00706975	0.00601017	0.00127983	0.00729	0.00084072	0.00644928	0.0966922	0.00330776	0.003
104940	0.0011607	3.00001	2.99869	0.446013	0.231797	0.19247	7.49443	1.90318	3.22E-09	0.00146165	3.04648	0.0282634	0.20624	6.94327	1.16528	0.0406499	0.012195	0.0012195	0.001	0.00442109	0.00143755	0.001	0.001	0.0108265	0.00961769	0.000262092	0.0019344	0.00595167	0.00010902	0.00615784	0.00190397	0.00807894	0.00386187	0.000134122	0.000727863	0.00525004	0.00436955	0.000232411	0.00705759	0.00599975	0.00129025	0.00729	0.000899401	0.0063906	0.0966591	0.00334093	0.003
105735	0.00133921	3.00004	2.99833	0.445643	0.231422	0.194069	7.32969	1.89829	3.57E-09	0.00148195	3.09715	0.0303536	0.206614	6.71121	1.09565	0.0350679	0.0105204	0.00105204	0.001	0.0039007	0.00137068	0.001	0.001	0.0109283	0.00991921	0.000242059	0.00179025	0.00562939	0.000127522	0.00572651	0.00176633	0.00712848	0.00402038	0.000136759	0.000769243	0.00457011	0.00463639	0.000242624	0.00704738	0.00599094	0.00129906	0.00729	0.000949117	0.00634088	0.0966309	0.00336907	0.003
106530	0.00154519	3.00008	2.99791	0.444466	0.230203	0.195418	7.19852	1.89538	3.87E-09	0.00149655	3.14052	0.0323515	0.206999	6.5292	1.04302	0.030354	0.0091062	0.00091062	0.001	0.0034617	0.00131467	0.001	0.001	0.011015	0.0101738	0.000225727	0.00166904	0.00536623	0.000143919	0.005364	0.00164966	0.00633339	0.00414702	0.00013878	0.000804318	0.00399844	0.00485915	0.000251239	0.00703876	0.00598353	0.00130647	0.00729	0.000990509	0.00629949	0.0966072	0.00339283	0.003
107325	0.00178283	3.00013	2.99742	0.442739	0.228398	0.196554	7.09263	1.89379	4.14E-09	0.00150616	3.17733	0.0342322	0.207372	6.38444	1.00291	0.0263732	0.00791196	0.000791196	0.001	0.00309139	0.00126776	0.001	0.001	0.011089	0.0103887	0.000212426	0.00156712	0.00515195	0.000157978	0.00505933	0.00155077	0.00566837	0.00424809	0.000140324	0.000834048	0.00351782	0.00504511	0.000258529	0.00703147	0.0059773	0.0013127	0.00729	0.00102455	0.00626545	0.0965872	0.00341283	0.003
108120	0.00205704	3.0002	2.99685	0.440678	0.226228	0.197511	7.00629	1.89311	4.36E-09	0.00151159	3.20835	0.0359782	0.207721	6.26806	0.972137	0.0230114	0.00690342	0.000690342	0.001	0.00277901	0.00122847	0.001	0.001	0.0111521	0.0105701	0.000201605	0.00148143	0.00497797	0.000169752	0.00480327	0.00146695	0.0051122	0.00432871	0.000141497	0.000859248	0.00311377	0.00520032	0.000264707	0.00702529	0.00597207	0.00131793	0.00729	0.0010523	0.0062377	0.0965703	0.00342967	0.003
108915	0.00237341	3.00028	2.9962	0.438454	0.223874	0.198316	6.93534	1.89304	4.55E-09	0.00151368	3.23435	0.0375786	0.208041	6.17368	0.94837	0.0201722	0.00605167	0.000605167	0.001	0.0025155	0.00119557	0.001	0.001	0.0112058	0.0107233	0.000192814	0.00140938	0.00483709	0.000179455	0.00458806	0.0013959	0.00464714	0.00439299	0.000142383	0.000880608	0.00277411	0.00532985	0.00026995	0.00702005	0.00596767	0.00132233	0.00729	0.00107479	0.00621521	0.0965561	0.00344385	0.003
109710	0.00273844	3.00037	2.99544	0.436189	0.221476	0.198995	6.87669	1.89339	4.70E-09	0.00151324	3.25605	0.0390292	0.208331	6.09663	0.929917	0.0177744	0.00533231	0.000533231	0.001	0.00229321	0.00116801	0.001	0.001	0.0112516	0.0108526	0.000185684	0.00134879	0.0047233	0.000187362	0.00440719	0.00133568	0.00425834	0.00444424	0.000143044	0.000898713	0.0024886	0.00543792	0.0002744	0.0070156	0.00596397	0.00132603	0.00729	0.00109292	0.00619708	0.0965442	0.00345581	0.003
110505	0.00315962	3.00049	2.99456	0.433967	0.219131	0.199568	6.82798	1.894	4.83E-09	0.00151097	3.27411	0.0403312	0.20859	6.03338	0.915527	0.0157491	0.00472474	0.000472474	0.001	0.00210571	0.00114494	0.001	0.001	0.0112907	0.0109617	0.000179912	0.00129785	0.00463164	0.000193761	0.00425518	0.00128463	0.00393334	0.00448509	0.000143531	0.000914059	0.00224863	0.00552807	0.000278179	0.00701182	0.00596085	0.00132915	0.00729	0.00110748	0.00618252	0.0965341	0.0034659	0.003
111300	0.00364557	3.00063	2.99355	0.431844	0.216908	0.200052	6.78739	1.89479	4.93E-09	0.00150746	3.28912	0.0414897	0.20882	5.98123	0.904269	0.0140385	0.00421156	0.000421156	0.001	0.00194754	0.00112561	0.001	0.001	0.0113239	0.0110539	0.000175248	0.00125502	0.00455801	0.000198914	0.00412743	0.00124136	0.00366174	0.00451765	0.000143884	0.000927067	0.00204694	0.00560325	0.000281387	0.00700861	0.00595821	0.00133179	0.00729	0.00111916	0.00617084	0.0965256	0.00347443	0.003
112095	0.00420626	3.0008	2.99238	0.429853	0.214848	0.200462	6.75347	1.89567	5.01E-09	0.00150319	3.30157	0.042513	0.209024	5.93808	0.895437	0.0125936	0.00377809	0.000377809	0.001	0.00181412	0.00110943	0.001	0.001	0.0113523	0.0111317	0.000171489	0.00121901	0.00449902	0.000203055	0.00402007	0.00120469	0.00343481	0.00454361	0.000144132	0.000938093	0.00187745	0.00566593	0.00028411	0.00700589	0.00595598	0.00133402	0.00729	0.00112849	0.00616151	0.0965183	0.00348165	0.003
112890	0.00485318	3.001	2.99103	0.428013	0.212972	0.200809	6.72506	1.8966	5.08E-09	0.00149852	3.31192	0.0434113	0.209204	5.90227	0.888494	0.0113732	0.00341195	0.000341195	0.001	0.00170158	0.00109589	0.001	0.001	0.0113764	0.0111973	0.000168466	0.00118874	0.00445191	0.000206379	0.00392985	0.0011736	0.00324525	0.0045643	0.000144301	0.000947438	0.00173503	0.00571818	0.000286421	0.00700358	0.00595409	0.00133591	0.00729	0.00113593	0.00615407	0.0965122	0.00348776	0.003
113685	0.00559961	3.00123	2.98947	0.426332	0.211287	0.201104	6.70122	1.89753	5.13E-09	0.00149373	3.32052	0.0441956	0.209363	5.87248	0.883029	0.0103422	0.00310265	0.000310265	0.001	0.00160666	0.00108455	0.001	0.001	0.011397	0.0112528	0.000166043	0.00116329	0.00441442	0.000209047	0.00385405	0.00114725	0.00308693	0.00458081	0.00014441	0.00095536	0.00161536	0.00576172	0.000288382	0.00700162	0.00595249	0.00133751	0.00729	0.00114186	0.00614814	0.096507	0.00349295	0.003
114480	0.00646083	3.0015	2.98766	0.42481	0.209791	0.201354	6.6812	1.89845	5.17E-09	0.00148899	3.32768	0.0448772	0.209502	5.84766	0.878722	0.0094712	0.00284136	0.000284136	0.001	0.0015266	0.00107506	0.001	0.001	0.0114146	0.0112995	0.000164105	0.00114189	0.0043847	0.000211192	0.00379036	0.00112492	0.00295473	0.00459398	0.000144472	0.000962074	0.00151482	0.00579799	0.000290045	0.00699996	0.00595114	0.00133886	0.00729	0.00114658	0.00614342	0.0965026	0.00349736	0.003
115275	0.00745451	3.00182	2.98558	0.423442	0.208475	0.201567	6.66435	1.89934	5.21E-09	0.00148444	3.33365	0.0454673	0.209624	5.82694	0.875325	0.0087354	0.00262062	0.000262062	0.001	0.00145907	0.00106712	0.001	0.001	0.0114295	0.011339	0.000162562	0.00112391	0.00436123	0.000212919	0.00373685	0.00110599	0.00284437	0.00460448	0.000144501	0.000967766	0.00143035	0.0058282	0.000291454	0.00699855	0.00594998	0.00134002	0.00729	0.00115032	0.00613968	0.0964989	0.00350111	0.003
116070	0.00860102	3.00219	2.98318	0.42222	0.207325	0.201748	6.65017	1.90018	5.24E-09	0.00148017	3.33864	0.0459765	0.209731	5.80963	0.872645	0.00811377	0.00243413	0.000243413	0.001	0.00140212	0.00106048	0.001	0.001	0.0114422	0.0113724	0.000161338	0.0011088	0.00434279	0.000214314	0.0036919	0.00108994	0.00275227	0.00461287	0.000144505	0.00097259	0.0013594	0.00585335	0.000292648	0.00699735	0.005949	0.001341	0.00729	0.0011533	0.0061367	0.0964957	0.0035043	0.003
116865	0.00992386	3.00262	2.9804	0.421135	0.206326	0.201902	6.63823	1.90097	5.26E-09	0.00147622	3.34282	0.0464148	0.209824	5.79515	0.870528	0.00758858	0.00227657	0.000227657	0.001	0.00135409	0.00105493	0.001	0.001	0.0114531	0.0114005	0.000160372	0.0010961	0.00432839	0.000215444	0.00365415	0.00107634	0.00267541	0.00461957	0.00014449	0.000976679	0.0012998	0.00587429	0.00029366	0.00699634	0.00594816	0.00134184	0.00729	0.00115566	0.00613434	0.096493	0.00350703	0.003
117660	0.0114502	3.00312	2.97719	0.420175	0.205464	0.202034	6.62817	1.9017	5.27E-09	0.00147261	3.34633	0.046791	0.209905	5.78302	0.868857	0.00714484	0.00214345	0.000214345	0.001	0.0013136	0.00105028	0.001	0.001	0.0114623	0.0114243	0.000159612	0.00108543	0.00431721	0.000216363	0.00362245	0.00106481	0.0026113	0.00462492	0.000144464	0.000980145	0.00124975	0.00589171	0.000294516	0.00699548	0.00594745	0.00134255	0.00729	0.00115753	0.00613247	0.0964906	0.00350934	0.003
118455	0.0132112	3.00371	2.97349	0.419331	0.204723	0.202146	6.61968	1.90237	5.29E-09	0.00146934	3.34928	0.0471134	0.209976	5.77286	0.867537	0.00676992	0.00203098	0.000203098	0.001	0.00127945	0.0010464	0.001	0.001	0.0114702	0.0114443	0.000159019	0.00107646	0.0043086	0.000217113	0.00359583	0.00105504	0.00255783	0.0046292	0.000144429	0.000983082	0.00120771	0.0059062	0.000295241	0.00699476	0.00594684	0.00134316	0.00729	0.00115901	0.00613099	0.0964887	0.00351133	0.003
119250	0.0152431	3.00439	2.96922	0.418589	0.204088	0.202242	6.61252	1.90299	5.30E-09	0.0014664	3.35177	0.0473892	0.210038	5.76435	0.866495	0.00645312	0.00193594	0.000193594	0.001	0.00125065	0.00104315	0.001	0.001	0.0114769	0.0114612	0.00015856	0.00106893	0.00430203	0.000217728	0.00357348	0.00104676	0.00251324	0.00463262	0.00014439	0.000985572	0.0011724	0.00591824	0.000295854	0.00699415	0.00594632	0.00134368	0.00729	0.00116018	0.00612982	0.096487	0.00351302	0.003
120045	0.0175875	3.00517	2.9643	0.417941	0.203545	0.202324	6.60649	1.90355	5.30E-09	0.00146378	3.35388	0.0476248	0.210092	5.7572	0.865671	0.00618543	0.00185563	0.000185563	0.001	0.00122637	0.00104044	0.001	0.001	0.0114826	0.0114755	0.000158206	0.0010626	0.00429708	0.000218235	0.00355472	0.00103973	0.00247607	0.00463537	0.000144347	0.000987683	0.00114275	0.00592826	0.000296373	0.00699363	0.00594587	0.00134413	0.00729	0.00116111	0.00612889	0.0964855	0.00351446	0.003
120840	0.0202924	3.00608	2.95861	0.417376	0.203083	0.202394	6.60139	1.90406	5.31E-09	0.00146145	3.35566	0.0478258	0.210138	5.75122	0.86502	0.00595922	0.00178777	0.000178777	0.001	0.00120591	0.00103818	0.001	0.001	0.0114875	0.0114876	0.000157937	0.00105729	0.00429339	0.000218655	0.00353898	0.00103378	0.00244509	0.00463756	0.000144304	0.000989472	0.00111786	0.00593659	0.000296812	0.00699319	0.00594549	0.00134451	0.00729	0.00116184	0.00612816	0.0964843	0.0035157	0.003
121635	0.0234134	3.00713	2.95204	0.416885	0.20269	0.202454	6.5971	1.90451	5.32E-09	0.0014594	3.35718	0.0479971	0.210179	5.74619	0.864505	0.00576807	0.00173042	0.000173042	0.001	0.00118865	0.00103629	0.001	0.001	0.0114916	0.0114977	0.000157735	0.00105283	0.00429071	0.000219004	0.00352577	0.00102874	0.00241927	0.00463932	0.000144262	0.000990988	0.00109696	0.0059435	0.000297183	0.00699282	0.00594517	0.00134483	0.00729	0.00116242	0.00612758	0.0964832	0.00351676	0.003
122430	0.0270144	3.00835	2.94447	0.416458	0.202357	0.202506	6.59347	1.90493	5.32E-09	0.00145759	3.35847	0.048143	0.210214	5.74197	0.864098	0.00560654	0.00168196	0.000168196	0.001	0.00117411	0.00103471	0.001	0.001	0.0114952	0.0115063	0.000157585	0.00104909	0.00428879	0.000219296	0.00351468	0.00102447	0.00239777	0.00464073	0.00014422	0.000992273	0.00107941	0.00594924	0.000297497	0.0069925	0.00594489	0.00134511	0.00729	0.00116289	0.00612711	0.0964823	0.00351766	0.003
123225	0.0311691	3.00976	2.93573	0.416089	0.202075	0.20255	6.59041	1.90529	5.32E-09	0.001456	3.35956	0.0482672	0.210244	5.73843	0.863776	0.00547003	0.00164101	0.000164101	0.001	0.00116186	0.00103339	0.001	0.001	0.0114982	0.0115136	0.000157477	0.00104595	0.00428748	0.000219542	0.00350539	0.00102084	0.00237986	0.00464187	0.000144181	0.000993362	0.00106468	0.00595401	0.000297762	0.00699224	0.00594465	0.00134535	0.00729	0.00116325	0.00612675	0.0964815	0.00351844	0.003
124020	0.0359629	3.01139	2.92564	0.41577	0.201836	0.202588	6.58783	1.90562	5.32E-09	0.00145461	3.3605	0.0483727	0.210271	5.73546	0.86352	0.00535467	0.0016064	0.00016064	0.001	0.00115153	0.0010323	0.001	0.001	0.0115008	0.0115197	0.000157401	0.00104331	0.00428662	0.00021975	0.00349759	0.00101777	0.00236495	0.00464278	0.000144144	0.000994285	0.00105231	0.00595796	0.000297986	0.00699201	0.00594444	0.00134556	0.00729	0.00116354	0.00612646	0.0964809	0.00351911	0.003
124815	0.041494	3.01328	2.914	0.415495	0.201635	0.20262	6.58565	1.90591	5.33E-09	0.0014534	3.3613	0.0484624	0.210293	5.73297	0.863318	0.00525717	0.00157715	0.000157715	0.001	0.00114282	0.00103138	0.001	0.001	0.0115029	0.0115248	0.00015735	0.0010411	0.00428611	0.000219927	0.00349106	0.00101517	0.00235254	0.00464351	0.000144109	0.000995067	0.00104193	0.00596125	0.000298175	0.00699183	0.00594427	0.00134573	0.00729	0.00116377	0.00612623	0.0964803	0.00351968	0.003
125610	0.0478758	3.01546	2.90057	0.415259	0.201465	0.202648	6.58382	1.90617	5.33E-09	0.00145234	3.36198	0.0485386	0.210313	5.73088	0.863156	0.00517477	0.00155243	0.000155243	0.001	0.00113549	0.00103062	0.001	0.001	0.0115048	0.0115292	0.000157317	0.00103925	0.00428586	0.000220078	0.00348558	0.00101297	0.00234221	0.0046441	0.000144077	0.00099573	0.00103322	0.00596397	0.000298334	0.00699167	0.00594412	0.00134588	0.00729	0.00116395	0.00612605	0.0964798	0.00352018	0.003
126405	0.0552389	3.01797	2.88507	0.415055	0.201322	0.202673	6.58227	1.9064	5.33E-09	0.00145142	3.36257	0.0486034	0.21033	5.72912	0.863027	0.00510513	0.00153154	0.000153154	0.001	0.00112931	0.00102999	0.001	0.001	0.0115064	0.0115329	0.000157299	0.00103769	0.00428581	0.000220208	0.00348099	0.0010111	0.00233362	0.00464457	0.000144048	0.000996292	0.00102591	0.00596622	0.000298469	0.00699153	0.00594399	0.00134601	0.00729	0.0011641	0.0061259	0.0964794	0.0035206	0.003
127200	0.0637346	3.02087	2.86719	0.414881	0.201202	0.202693	6.58096	1.90661	5.33E-09	0.00145063	3.36307	0.0486584	0.210345	5.72765	0.862923	0.00504627	0.00151388	0.000151388	0.001	0.00112411	0.00102946	0.001	0.001	0.0115078	0.011536	0.000157292	0.00103639	0.00428589	0.00022032	0.00347715	0.00100952	0.00232648	0.00464495	0.000144021	0.000996767	0.00101977	0.00596809	0.000298583	0.00699142	0.00594387	0.00134613	0.00729	0.00116422	0.00612578	0.096479	0.00352097	0.003
127995	0.0735369	3.02423	2.84655	0.414732	0.201102	0.202712	6.57986	1.90679	5.33E-09	0.00144994	3.3635	0.048705	0.210358	5.72641	0.862839	0.00499653	0.00149896	0.000149896	0.001	0.00111973	0.00102902	0.001	0.001	0.0115089	0.0115386	0.000157292	0.0010353	0.00428606	0.000220418	0.00347394	0.00100818	0.00232053	0.00464526	0.000143997	0.00099717	0.00101462	0.00596964	0.000298679	0.00699132	0.00594377	0.00134623	0.00729	0.00116431	0.00612569	0.0964787	0.00352129	0.003
128790	0.0848468	3.0281	2.82274	0.414604	0.201017	0.202727	6.57893	1.90694	5.33E-09	0.00144934	3.36388	0.0487446	0.210369	5.72537	0.86277	0.00495448	0.00148634	0.000148634	0.001	0.00111604	0.00102866	0.001	0.001	0.0115099	0.0115408	0.000157298	0.00103438	0.0042863	0.000220505	0.00347124	0.00100704	0.00231559	0.00464551	0.000143975	0.000997511	0.0010103	0.00597091	0.00029876	0.00699124	0.00594369	0.00134631	0.00729	0.00116439	0.00612561	0.0964784	0.00352157	0.003
129585	0.097896	3.03257	2.79526	0.414495	0.200946	0.202741	6.57815	1.90708	5.33E-09	0.00144883	3.3642	0.0487782	0.210378	5.7245	0.862712	0.00491894	0.00147568	0.000147568	0.001	0.00111293	0.00102836	0.001	0.001	0.0115107	0.0115427	0.000157308	0.00103362	0.00428658	0.000220581	0.00346899	0.00100608	0.00231149	0.0046457	0.000143955	0.0009978	0.00100667	0.00597197	0.000298828	0.00699117	0.00594361	0.00134639	0.00729	0.00116445	0.00612555	0.0964782	0.00352181	0.003
130380	0.112952	3.03773	2.76356	0.414403	0.200888	0.202753	6.57749	1.90721	5.33E-09	0.00144838	3.36448	0.0488067	0.210386	5.72378	0.862663	0.0048889	0.00146667	0.000146667	0.001	0.00111032	0.00102811	0.001	0.001	0.0115115	0.0115442	0.00015732	0.00103298	0.00428687	0.000220649	0.00346711	0.00100527	0.00230808	0.00464586	0.000143938	0.000998045	0.00100363	0.00597285	0.000298885	0.00699111	0.00594355	0.00134645	0.00729	0.00116451	0.00612549	0.096478	0.00352203	0.003
131175	0.130324	3.04369	2.72698	0.414325	0.200838	0.202764	6.57693	1.90731	5.33E-09	0.001448	3.36472	0.048831	0.210393	5.72317	0.86262	0.00486351	0.00145905	0.000145905	0.001	0.00110812	0.0010279	0.001	0.001	0.0115121	0.0115455	0.000157334	0.00103244	0.00428718	0.000220711	0.00346554	0.00100458	0.00230525	0.00464599	0.000143922	0.000998251	0.00100107	0.00597357	0.000298933	0.00699107	0.00594349	0.00134651	0.00729	0.00116456	0.00612544	0.0964778	0.00352222	0.003
131970	0.150367	3.05056	2.68478	0.414258	0.200798	0.202774	6.57647	1.90741	5.33E-09	0.00144768	3.36493	0.0488515	0.210399	5.72266	0.86258	0.00484205	0.00145262	0.000145262	0.001	0.00110627	0.00102773	0.001	0.001	0.0115126	0.0115467	0.000157348	0.00103199	0.00428748	0.000220768	0.00346423	0.001004	0.00230289	0.00464609	0.000143908	0.000998425	0.000998929	0.00597417	0.000298974	0.00699103	0.00594343	0.00134657	0.00729	0.0011646	0.0061254	0.0964776	0.0035224	0.003
132765	0.173492	3.0585	2.63608	0.414203	0.200764	0.202784	6.57608	1.90749	5.33E-09	0.0014474	3.36511	0.048869	0.210404	5.72223	0.862542	0.00482391	0.00144717	0.000144717	0.001	0.00110472	0.00102759	0.001	0.001	0.011513	0.0115476	0.000157363	0.00103162	0.00428776	0.000220821	0.00346314	0.00100351	0.00230094	0.00464616	0.000143895	0.000998572	0.000997131	0.00597466	0.000299008	0.00699099	0.00594338	0.00134662	0.00729	0.00116465	0.00612535	0.0964774	0.00352256	0.003
133560	0.200174	3.06765	2.57989	0.414157	0.200737	0.202792	6.57576	1.90756	5.33E-09	0.00144717	3.36528	0.0488839	0.210409	5.72188	0.862504	0.00480858	0.00144257	0.000144257	0.001	0.00110342	0.00102747	0.001	0.001	0.0115134	0.0115484	0.000157377	0.00103131	0.00428803	0.000220872	0.00346223	0.0010031	0.00229932	0.00464622	0.000143884	0.000998696	0.000995622	0.00597507	0.000299036	0.00699096	0.00594334	0.00134666	0.00729	0.00116469	0.00612531	0.0964773	0.00352271	0.003
134355	0.230959	3.07822	2.51506	0.414119	0.200715	0.202801	6.57549	1.90762	5.33E-09	0.00144697	3.36542	0.0488965	0.210413	5.72158	0.862465	0.00479562	0.00143869	0.000143869	0.001	0.00110232	0.00102738	0.001	0.001	0.0115137	0.0115491	0.000157391	0.00103105	0.00428828	0.000220923	0.00346148	0.00100276	0.00229797	0.00464626	0.000143875	0.000998799	0.000994355	0.0059754	0.000299059	0.00699094	0.00594329	0.00134671	0.00729	0.00116474	0.00612526	0.0964771	0.00352286	0.003
135150	0.266478	3.09041	2.44026	0.414088	0.200698	0.202809	6.57527	1.90768	5.33E-09	0.00144681	3.36556	0.0489074	0.210416	5.72134	0.862421	0.00478467	0.0014354	0.00014354	0.001	0.00110141	0.0010273	0.001	0.001	0.011514	0.0115496	0.000157404	0.00103084	0.0042885	0.000220975	0.00346086	0.00100247	0.00229685	0.00464629	0.000143866	0.000998885	0.000993292	0.00597568	0.000299079	0.00699092	0.00594325	0.00134675	0.00729	0.00116478	0.00612522	0.096477	0.00352301	0.003
135945	0.30746	3.10448	2.35395	0.414065	0.200685	0.202818	6.57509	1.90773	5.33E-09	0.00144668	3.36568	0.0489167	0.210419	5.72114	0.862372	0.00477541	0.00143262	0.000143262	0.001	0.00110065	0.00102724	0.001	0.001	0.0115142	0.0115501	0.000157416	0.00103067	0.0042887	0.000221029	0.00346035	0.00100223	0.00229592	0.0046463	0.000143858	0.000998957	0.000992399	0.0059759	0.000299094	0.00699091	0.0059432	0.0013468	0.00729	0.00116484	0.00612516	0.0964768	0.00352316	0.003
136740	0.354743	3.12072	2.25437	0.414047	0.200676	0.202827	6.57494	1.90777	5.33E-09	0.00144657	3.36579	0.0489247	0.210421	5.72098	0.862313	0.00476759	0.00143028	0.000143028	0.001	0.00110002	0.00102719	0.001	0.001	0.0115144	0.0115505	0.000157427	0.00103052	0.00428886	0.000221089	0.00345994	0.00100204	0.00229515	0.0046463	0.000143852	0.000999015	0.000991649	0.00597609	0.000299107	0.00699089	0.00594315	0.00134685	0.00729	0.00116491	0.00612509	0.0964767	0.00352333	0.003
137535	0.409296	3.13945	2.13947	0.414037	0.200671	0.202838	6.57483	1.9078	5.33E-09	0.00144649	3.36591	0.0489318	0.210423	5.72085	0.86224	0.00476098	0.00142829	0.000142829	0.001	0.00109949	0.00102715	0.001	0.001	0.0115146	0.0115508	0.000157437	0.00103041	0.004289	0.000221158	0.00345961	0.00100189	0.00229451	0.00464629	0.000143846	0.000999062	0.000991019	0.00597624	0.000299117	0.00699088	0.00594309	0.00134691	0.00729	0.00116499	0.00612501	0.0964765	0.00352352	0.003
138330	0.472238	3.16107	2.00691	0.414033	0.20067	0.202851	6.57476	1.90784	5.33E-09	0.00144644	3.36603	0.0489381	0.210425	5.72075	0.862147	0.0047554	0.00142662	0.000142662	0.001	0.00109907	0.00102713	0.001	0.001	0.0115147	0.0115511	0.000157446	0.00103032	0.00428909	0.00022124	0.00345935	0.00100177	0.00229397	0.00464626	0.00014384	0.000999098	0.000990487	0.00597636	0.000299123	0.00699088	0.00594302	0.00134698	0.00729	0.0011651	0.0061249	0.0964762	0.00352375	0.003
139125	0.544856	3.186	1.85395	0.414038	0.200673	0.202867	6.57471	1.90786	5.33E-09	0.00144643	3.36616	0.0489439	0.210426	5.72069	0.862024	0.00475069	0.00142521	0.000142521	0.001	0.00109873	0.00102711	0.001	0.001	0.0115149	0.0115513	0.000157454	0.00103025	0.00428914	0.000221344	0.00345916	0.00100168	0.00229352	0.00464622	0.000143836	0.000999123	0.000990039	0.00597646	0.000299127	0.00699087	0.00594293	0.00134707	0.00729	0.00116524	0.00612476	0.096476	0.00352403	0.003
139920	0.628638	3.21477	1.67748	0.414053	0.200683	0.202888	6.57471	1.90789	5.33E-09	0.00144644	3.36632	0.0489495	0.210427	5.72065	0.861854	0.00474672	0.00142402	0.000142402	0.001	0.00109847	0.00102711	0.001	0.001	0.011515	0.0115515	0.000157461	0.00103021	0.00428913	0.000221484	0.00345903	0.00100163	0.00229314	0.00464615	0.000143832	0.000999139	0.00098966	0.00597653	0.000299128	0.00699087	0.00594282	0.00134718	0.00729	0.00116543	0.00612457	0.0964756	0.00352441	0.003
140715	0.725296	3.24795	1.47387	0.414085	0.200701	0.202918	6.57475	1.90791	5.33E-09	0.00144651	3.36653	0.0489555	0.210427	5.72065	0.861604	0.00474338	0.00142301	0.000142301	0.001	0.00109828	0.00102711	0.001	0.001	0.011515	0.0115516	0.000157466	0.00103018	0.00428903	0.000221682	0.00345897	0.00100162	0.00229281	0.00464605	0.000143828	0.000999143	0.000989336	0.00597659	0.000299124	0.00699088	0.00594266	0.00134734	0.00729	0.00116571	0.00612429	0.0964751	0.00352493	0.003
141510	0.836807	3.28623	1.23895	0.414146	0.200734	0.202963	6.57486	1.90793	5.33E-09	0.00144667	3.36683	0.0489627	0.210428	5.7207	0.861208	0.00474058	0.00142217	0.000142217	0.001	0.00109817	0.00102713	0.001	0.001	0.0115151	0.0115517	0.00015747	0.00103018	0.00428879	0.000221992	0.00345899	0.00100165	0.00229252	0.0046459	0.000143825	0.000999133	0.000989057	0.00597663	0.000299114	0.00699089	0.00594241	0.00134759	0.00729	0.00116616	0.00612384	0.0964743	0.00352573	0.003
142305	0.965442	3.33037	0.967911	0.414266	0.200796	0.203042	6.57512	1.90795	5.33E-09	0.00144697	3.36736	0.0489734	0.210426	5.72083	0.860499	0.00473825	0.00142147	0.000142147	0.001	0.00109817	0.00102717	0.001	0.001	0.0115152	0.0115518	0.000157472	0.00103022	0.00428827	0.000222543	0.00345913	0.00100175	0.00229225	0.00464567	0.000143822	0.000999101	0.000988809	0.00597666	0.000299092	0.00699091	0.00594199	0.00134801	0.00729	0.00116697	0.00612303	0.0964729	0.00352712	0.003
143100	1.11381	3.38124	0.655213	0.414553	0.200938	0.203212	6.57572	1.90796	5.33E-09	0.00144769	3.36851	0.0489951	0.210423	5.72117	0.858911	0.00473637	0.00142091	0.000142091	0.001	0.00109833	0.00102725	0.001	0.001	0.0115152	0.0115518	0.00015747	0.00103033	0.004287	0.000223777	0.00345946	0.00100199	0.00229197	0.00464526	0.00014382	0.000999031	0.000988577	0.00597666	0.000299039	0.00699096	0.00594107	0.00134893	0.00729	0.00116878	0.00612122	0.0964699	0.00353012	0.003
143895	1.28483	3.43974	0.294473	0.415736	0.201489	0.203855	6.57803	1.90796	5.33E-09	0.00145046	3.373	0.0490786	0.210403	5.72245	0.852711	0.00473507	0.00142052	0.000142052	0.001	0.00109894	0.00102745	0.001	0.001	0.0115152	0.0115516	0.00015746	0.00103062	0.00428189	0.000228671	0.00346038	0.00100261	0.00229158	0.00464427	0.000143817	0.000998844	0.000988312	0.00597659	0.000298838	0.00699116	0.00593759	0.00135241	0.00729	0.00117591	0.00611409	0.0964585	0.00354147	0.003
144690	1.44027	3.47872	-4.34E-61	0.989287	0.100647	3.49667	0.023298	0.00068479	22.01	0.203448	2.7266	0.00729678	0.0250712	0.0773733	0.00512478	0.00653795	0.00196138	0.000196138	0.001	0.00125569	0.00104801	0.001	0.001	0.0114798	0.0114532	0.000163838	0.00107368	0.00022793	0.00437894	0.00358963	0.00105166	0.00259187	0.00458113	0.000142791	0.000984124	0.00120386	0.00589051	0.00728786	2.14E-06	0.00148566	0.00580434	0.00729	0.0070691	0.000220898	0.00754518	0.0924548	0.003
145485	1.50582	3.44448	-3.49E-71	0.774282	0.17913	3.92319	0.0493119	0.0187062	25.5745	0.248794	3.62521	0.0143032	0.0551968	0.168294	0.00842958	0.013118	0.0039354	0.00039354	0.001	0.00182478	0.00112109	0.001	0.001	0.0113658	0.0111158	0.000186602	0.00123099	0.000490063	0.00446299	0.00406036	0.00120323	0.0036656	0.00438736	0.000139312	0.000938634	0.00197845	0.00559202	0.00728043	9.57E-06	0.00135415	0.00593585	0.00729	0.00693361	0.000356385	0.00574545	0.0942545	0.003
146280	1.57435	3.39554	1.12E-76	0.732874	0.246449	3.93448	0.063801	0.064945	24.2647	0.305912	4.17235	0.020342	0.0766088	0.228872	0.0113582	0.0192725	0.00578176	0.000578176	0.001	0.00235981	0.00118989	0.001	0.001	0.0112596	0.0108003	0.000207892	0.00137916	0.00064428	0.00463253	0.00450378	0.001345	0.00466945	0.00420733	0.000136058	0.000896083	0.00270242	0.00531287	0.00727399	1.60E-05	0.00135098	0.00593902	0.00729	0.00681782	0.000472182	0.00558708	0.0944129	0.003
147075	1.646	3.33164	2.49E-84	0.727931	0.308818	3.93489	0.0731211	0.126169	22.7406	0.355666	4.57149	0.025794	0.0946582	0.276766	0.0140314	0.0250291	0.00750872	0.000750872	0.001	0.00286036	0.00125427	0.001	0.001	0.0111603	0.0105054	0.000227803	0.0015178	0.000777034	0.00480256	0.00491865	0.00147762	0.00560806	0.00404002	0.000133014	0.00085628	0.00337916	0.0050518	0.00726899	2.10E-05	0.00135087	0.00593913	0.00729	0.00671545	0.000574553	0.005586	0.094414	0.003
147870	1.72092	3.25243	-1.06E-97	0.735781	0.367354	3.9354	0.0804588	0.194352	21.1769	0.403471	4.88075	0.0307402	0.111857	0.320413	0.0165019	0.0304133	0.009124	0.0009124	0.001	0.00332859	0.00131448	0.001	0.001	0.0110675	0.0102295	0.000246425	0.00164749	0.000894564	0.0049682	0.00530674	0.00160167	0.00648569	0.00388452	0.000130167	0.000819048	0.00401181	0.00480764	0.00726457	2.54E-05	0.00135073	0.00593927	0.00729	0.00662353	0.000666467	0.0055609	0.0944391	0.003
148665	1.79924	3.15754	7.56E-100	0.748922	0.422472	3.93725	0.0871746	0.265083	19.6395	0.451353	5.12867	0.0352348	0.12916	0.363128	0.0187925	0.0354494	0.0106348	0.00106348	0.001	0.00376661	0.00137082	0.001	0.001	0.0109806	0.00997155	0.000263841	0.00176882	0.00100002	0.00512758	0.00566979	0.00171771	0.00730633	0.00373997	0.000127504	0.00078422	0.00460323	0.00457928	0.00726017	2.98E-05	0.00135021	0.00593979	0.00729	0.00654053	0.000749468	0.00548865	0.0945113	0.003
149460	1.88112	3.04655	7.73E-102	0.764401	0.474396	3.94038	0.0939846	0.335578	18.1543	0.500244	5.33198	0.0393223	0.147004	0.406503	0.0209171	0.0401596	0.0120479	0.00120479	0.001	0.00417639	0.00142352	0.001	0.001	0.0108995	0.00973033	0.000280129	0.00188233	0.00109545	0.00527983	0.00600947	0.00182625	0.00807362	0.00360559	0.000125013	0.000751642	0.00515608	0.0043657	0.00725535	3.46E-05	0.00134933	0.00594067	0.00729	0.00646538	0.000824616	0.00537411	0.0946259	0.003
150255	1.96673	2.91903	8.23E-102	0.780944	0.52329	3.94455	0.101358	0.40389	16.7277	0.550723	5.50151	0.0430406	0.165655	0.451533	0.0228865	0.0445649	0.0133695	0.00133695	0.001	0.00455981	0.00147284	0.001	0.001	0.0108236	0.00950478	0.000295362	0.00198854	0.00118236	0.00542454	0.00632731	0.00192777	0.00879097	0.00348066	0.000122682	0.000721168	0.00567279	0.00416597	0.00724973	4.03E-05	0.00134817	0.00594183	0.00729	0.00639725	0.000892749	0.00522621	0.0947738	0.003
151050	2.05624	2.77451	-1.39E-102	0.798014	0.569294	3.9495	0.109662	0.468562	15.3562	0.603262	5.64466	0.0464216	0.18532	0.498995	0.0247098	0.0486848	0.0146054	0.00146054	0.001	0.00491857	0.00151899	0.001	0.001	0.0107526	0.00929391	0.000309606	0.00208794	0.00126192	0.00556158	0.00662476	0.00202274	0.00946153	0.00336452	0.000120503	0.000692662	0.0061556	0.00397919	0.00724291	4.71E-05	0.00134679	0.00594321	0.00729	0.00633544	0.000954557	0.00505302	0.094947	0.003
151845	2.14981	2.61249	9.79E-104	0.815448	0.612538	3.95502	0.119164	0.528519	14.0341	0.658189	5.76671	0.0494916	0.20614	0.549436	0.0263947	0.0525376	0.0157613	0.00157613	0.001	0.00525428	0.00156218	0.001	0.001	0.0106863	0.00909678	0.000322926	0.00218097	0.00133505	0.00569096	0.00690314	0.00211156	0.0100882	0.00325652	0.000118464	0.000665998	0.0066066	0.00380454	0.00723446	5.55E-05	0.00134526	0.00594474	0.00729	0.00627938	0.00101062	0.00486217	0.0951378	0.003
152640	2.24765	2.43245	-2.42E-104	0.833289	0.653146	3.96084	0.129944	0.583142	12.7595	0.71546	5.87152	0.0522719	0.228102	0.602909	0.0279481	0.0561403	0.0168421	0.00168421	0.001	0.00556846	0.0016026	0.001	0.001	0.0106244	0.00891255	0.000335378	0.00226805	0.00140256	0.00581279	0.00716371	0.00219464	0.0106737	0.00315611	0.000116557	0.000641055	0.00702768	0.00364125	0.00722405	6.60E-05	0.00134365	0.00594635	0.00729	0.00622856	0.00106144	0.00466243	0.0953376	0.003
153435	2.34993	2.23384	1.42E-106	0.851689	0.691233	3.96668	0.141814	0.632359	11.5382	0.774446	5.96198	0.0547796	0.250948	0.658713	0.0293763	0.0595086	0.0178526	0.00178526	0.001	0.00586248	0.00164044	0.001	0.001	0.0105665	0.00874042	0.000347018	0.00234956	0.00146508	0.00592724	0.00740761	0.00227235	0.0112205	0.00306272	0.000114773	0.000617723	0.0074206	0.0034886	0.00721159	7.84E-05	0.00134204	0.00594796	0.00729	0.00618256	0.00110744	0.00446381	0.0955362	0.003
154230	2.45686	2.01608	-2.52E-110	0.870845	0.726905	3.97226	0.154353	0.676567	10.3818	0.833989	6.04029	0.0570289	0.274209	0.715496	0.0306849	0.0626573	0.0187972	0.00187972	0.001	0.00613764	0.00167585	0.001	0.001	0.0105124	0.00857963	0.000357897	0.00242585	0.00152319	0.00603452	0.00763592	0.00234503	0.011731	0.00297587	0.000113104	0.000595897	0.00778703	0.00334593	0.00719729	9.27E-05	0.0013405	0.0059495	0.00729	0.006141	0.001149	0.00427553	0.0957245	0.003
155025	2.56865	1.77857	1.81E-111	0.890976	0.760253	3.97739	0.167059	0.716372	9.30246	0.89275	6.10815	0.0590313	0.29734	0.771704	0.0318787	0.0656001	0.01968	0.001968	0.001	0.00639515	0.001709	0.001	0.001	0.0104619	0.00842949	0.000368063	0.00249727	0.00157737	0.00613486	0.00784961	0.002413	0.0122074	0.00289508	0.000111543	0.000575481	0.00812852	0.00321261	0.00718164	0.000108364	0.00133909	0.00595091	0.00729	0.00610357	0.00118643	0.00410368	0.0958963	0.003
155820	2.68552	1.52069	-1.79E-111	0.912306	0.791349	3.98197	0.179493	0.752361	8.30901	0.949521	6.16687	0.0607961	0.319853	0.82598	0.0329618	0.0683497	0.0205049	0.00205049	0.001	0.00663612	0.00174002	0.001	0.001	0.0104148	0.00828932	0.00037756	0.00256411	0.00162804	0.00622854	0.00804963	0.00247656	0.0126518	0.00281992	0.000110083	0.000556383	0.00844659	0.00308803	0.00716519	0.000124809	0.00133783	0.00595217	0.00729	0.00607001	0.00121999	0.00395074	0.0960493	0.003
156615	2.80769	1.24178	-2.60E-111	0.935034	0.820237	3.986	0.191328	0.785008	7.40608	1.00335	6.21745	0.0623302	0.341369	0.877311	0.0339377	0.0709177	0.0212753	0.00212753	0.001	0.00686161	0.00176904	0.001	0.001	0.0103708	0.00815848	0.000386431	0.00262666	0.00167556	0.00631584	0.00823681	0.00253598	0.0130662	0.00274998	0.000108718	0.000538517	0.00874269	0.00297165	0.00714852	0.000141479	0.00133672	0.00595328	0.00729	0.00604008	0.00124992	0.00381665	0.0961833	0.003
157410	2.93539	0.941199	-1.70E-111	0.959244	0.846902	3.98951	0.202338	0.81469	6.59532	1.05353	6.26051	0.0636373	0.361605	0.924999	0.0348102	0.0733149	0.0219945	0.00219945	0.001	0.00707255	0.0017962	0.001	0.001	0.0103297	0.00803637	0.000394715	0.0026852	0.00172018	0.0063971	0.00841196	0.00259152	0.0134525	0.0026849	0.00010744	0.000521804	0.00901821	0.00286293	0.00713213	0.000157869	0.00133576	0.00595424	0.00729	0.00601358	0.00127642	0.00370016	0.0962998	0.003
158205	3.06885	0.618295	7.45E-115	0.984563	0.871131	3.99254	0.212379	0.841763	5.87712	1.09944	6.29604	0.064712	0.380349	0.968573	0.0355864	0.0755508	0.0226652	0.00226652	0.001	0.00726984	0.00182159	0.001	0.001	0.0102913	0.00792241	0.000402448	0.00273994	0.00176199	0.00647276	0.00857576	0.00264337	0.0138124	0.00262431	0.000106245	0.000506166	0.00927445	0.00276139	0.00711646	0.000173543	0.00133494	0.00595506	0.00729	0.00599019	0.00129981	0.0036	0.0964	0.003
159000	3.20823	0.272574	-1.89E-122	1.00736	0.891289	3.9951	0.221343	0.866952	5.25774	1.13986	6.31994	0.0654744	0.39731	1.00754	0.0363015	0.0776323	0.0232897	0.00232897	0.001	0.0074541	0.00184529	0.001	0.001	0.0102552	0.00781599	0.000409655	0.00279106	0.00180009	0.00654407	0.00872871	0.00269162	0.0141473	0.00256789	0.000105125	0.000491529	0.00951243	0.00266656	0.00710188	0.000188117	0.00133424	0.00595576	0.00729	0.0059688	0.0013212	0.00351854	0.0964815	0.003
